612 1898 5959
0 0
1 0
2 0
2 11
2 12
3 0
3 1
3 2
3 21
3 24
3 27
4 0
5 0
5 84
5 85
5 86
5 87
5 88
5 98
5 99
5 102
5 103
5 104
5 105
5 106
5 107
5 108
5 109
5 110
5 111
5 112
5 113
5 114
5 115
5 117
5 127
5 128
5 129
5 140
5 155
5 208
6 0
6 100
6 101
7 0
7 14
7 38
7 39
7 40
7 41
7 43
7 44
7 45
7 46
7 47
7 50
7 54
7 59
7 62
7 65
7 66
7 67
7 68
7 69
7 71
7 72
7 99
7 154
7 156
7 157
7 173
7 176
7 177
7 178
7 179
7 180
7 195
7 197
7 216
7 227
7 235
7 310
7 312
7 313
7 322
7 326
7 368
7 370
7 435
7 670
7 679
8 0
8 136
8 141
9 0
9 155
9 159
9 167
9 355
9 416
9 504
9 689
10 0
10 11
10 14
10 39
10 40
10 41
10 43
10 44
10 46
10 47
10 62
10 66
10 67
10 68
10 69
10 71
10 72
10 99
10 165
10 173
10 197
11 0
11 11
11 14
11 38
11 43
11 44
11 46
11 47
11 62
11 67
11 68
11 69
11 71
11 72
11 90
11 99
11 161
11 162
11 163
11 164
11 173
11 176
11 178
11 179
12 0
12 11
12 14
12 39
12 67
12 68
12 71
12 99
12 154
12 155
12 200
12 235
12 355
12 441
12 445
12 446
12 447
12 531
12 532
12 533
12 534
12 535
12 536
12 537
12 538
12 539
12 540
12 541
12 542
12 543
12 544
12 545
12 546
12 547
12 548
12 549
12 550
12 551
12 552
12 553
12 554
12 555
12 556
12 557
12 558
12 559
12 560
12 561
12 562
12 563
12 564
12 565
12 566
12 567
12 568
12 569
12 570
12 571
12 572
12 573
12 574
12 575
12 576
12 577
13 0
14 0
14 179
14 380
14 381
15 0
16 0
17 0
18 0
18 355
19 0
19 115
19 155
19 440
19 441
19 445
19 446
19 447
19 452
19 453
20 0
21 0
21 38
21 45
21 50
21 67
21 68
21 71
21 72
21 154
21 173
21 177
21 180
21 235
21 312
21 322
21 368
21 371
21 440
21 445
21 446
21 468
21 590
21 594
21 595
21 597
21 599
21 602
21 603
21 604
21 605
21 606
21 609
21 618
21 620
21 626
21 638
21 640
21 667
21 670
21 672
21 674
21 683
21 704
22 0
22 44
22 136
22 557
22 710
22 711
22 712
22 713
22 714
22 715
22 716
22 717
22 718
22 719
22 720
22 721
22 722
22 723
22 724
22 725
22 726
22 727
22 736
23 0
24 0
24 699
25 0
25 14
25 176
25 180
25 190
25 194
25 563
25 586
25 587
25 588
25 589
25 590
25 591
25 592
25 593
25 594
25 595
25 596
25 597
25 598
25 599
25 600
25 601
25 602
25 603
25 604
25 605
25 606
25 607
25 608
25 609
25 610
25 611
25 612
25 613
25 614
25 615
25 616
25 617
25 618
25 619
25 620
25 621
25 622
25 623
25 624
25 625
25 626
25 627
25 628
25 629
25 630
25 631
25 632
25 633
25 634
25 635
25 636
25 637
25 638
25 639
25 640
25 641
25 642
25 643
25 644
25 645
25 646
25 647
25 648
25 649
25 650
25 651
25 652
25 653
25 654
25 655
25 656
25 657
25 658
25 659
25 660
25 661
25 662
25 663
25 664
25 665
25 666
25 667
25 668
25 669
25 670
25 671
25 672
25 673
25 674
25 675
25 676
25 677
25 678
25 679
25 680
25 681
25 682
25 683
25 684
25 685
25 686
25 687
25 688
25 689
25 690
25 691
25 692
25 693
25 694
25 695
25 696
25 739
25 740
25 741
25 742
25 743
25 744
25 745
25 746
25 747
25 748
25 749
25 750
25 751
25 752
25 753
25 754
25 756
25 757
25 758
25 759
25 760
25 761
25 762
25 763
25 764
25 765
25 766
25 767
26 0
26 14
26 27
26 38
26 39
26 40
26 43
26 44
26 45
26 46
26 47
26 50
26 54
26 59
26 62
26 65
26 67
26 68
26 72
26 86
26 90
26 99
26 136
26 159
26 173
26 176
26 177
26 178
26 179
26 180
26 189
26 190
26 193
26 195
26 197
26 200
26 207
26 216
26 227
26 235
26 240
26 241
26 309
26 310
26 312
26 313
26 322
26 323
26 325
26 326
26 377
26 380
26 393
26 406
26 435
26 440
26 454
26 458
26 468
26 487
26 532
26 536
26 544
26 558
26 559
26 563
26 564
26 565
26 573
26 575
26 576
26 586
26 588
26 589
26 590
26 591
26 592
26 593
26 594
26 595
26 596
26 597
26 598
26 599
26 602
26 603
26 604
26 605
26 606
26 609
26 611
26 612
26 613
26 614
26 615
26 616
26 617
26 618
26 642
26 645
26 646
26 647
26 648
26 649
26 650
26 651
26 652
26 653
26 654
26 655
26 656
26 657
26 658
26 659
26 660
26 661
26 662
26 665
26 667
26 668
26 670
26 672
26 674
26 676
26 678
26 679
26 680
26 682
26 683
26 684
26 685
26 686
26 687
26 689
26 693
26 705
26 709
26 712
26 713
26 716
26 720
26 723
26 725
26 727
26 739
26 740
26 742
26 744
26 746
26 750
26 753
26 757
26 762
26 768
26 787
26 813
26 814
26 815
26 816
26 817
26 818
26 819
26 820
26 821
26 822
26 823
26 841
26 845
26 852
26 853
26 855
26 864
26 904
26 933
26 949
26 978
26 1007
26 1008
26 1009
26 1010
26 1011
26 1012
26 1013
26 1014
26 1015
26 1019
26 1020
26 1021
26 1022
26 1027
26 1030
26 1032
26 1038
26 1040
26 1041
26 1042
26 1043
26 1044
26 1056
26 1057
26 1059
26 1060
26 1061
26 1062
26 1063
26 1072
26 1073
26 1074
26 1075
26 1076
26 1077
26 1079
26 1080
26 1081
26 1082
26 1086
26 1088
26 1089
26 1091
26 1092
26 1093
26 1094
26 1126
26 1140
26 1220
26 1221
27 0
28 0
28 159
28 945
29 0
30 0
30 772
30 773
31 0
32 0
32 176
32 864
32 897
32 898
32 899
32 900
32 901
32 902
32 903
32 904
32 913
32 924
33 0
33 36
34 0
34 240
34 447
35 0
35 11
35 14
35 27
35 38
35 39
35 41
35 43
35 44
35 45
35 46
35 47
35 50
35 52
35 54
35 59
35 62
35 65
35 66
35 67
35 68
35 69
35 71
35 72
35 86
35 89
35 90
35 99
35 136
35 154
35 155
35 159
35 173
35 176
35 177
35 178
35 179
35 180
35 189
35 190
35 193
35 194
35 195
35 197
35 200
35 207
35 216
35 227
35 235
35 240
35 309
35 310
35 311
35 312
35 313
35 322
35 323
35 325
35 326
35 355
35 368
35 370
35 377
35 380
35 381
35 393
35 406
35 435
35 440
35 441
35 445
35 446
35 447
35 454
35 458
35 468
35 487
35 532
35 536
35 537
35 542
35 543
35 544
35 545
35 551
35 556
35 557
35 558
35 559
35 561
35 562
35 563
35 565
35 566
35 586
35 587
35 588
35 589
35 590
35 591
35 592
35 593
35 594
35 595
35 596
35 597
35 598
35 599
35 602
35 603
35 604
35 605
35 606
35 607
35 609
35 611
35 612
35 613
35 614
35 615
35 616
35 617
35 618
35 620
35 622
35 624
35 626
35 628
35 630
35 632
35 634
35 636
35 638
35 640
35 642
35 643
35 644
35 645
35 646
35 647
35 648
35 649
35 650
35 651
35 652
35 653
35 654
35 655
35 656
35 657
35 658
35 659
35 660
35 661
35 662
35 663
35 665
35 667
35 668
35 670
35 672
35 674
35 676
35 678
35 679
35 680
35 682
35 683
35 684
35 685
35 686
35 687
35 689
35 691
35 693
35 695
35 705
35 709
35 712
35 716
35 717
35 719
35 720
35 724
35 725
35 726
35 727
35 728
35 739
35 740
35 742
35 744
35 746
35 748
35 750
35 751
35 757
35 758
35 759
35 762
35 765
35 766
35 768
35 779
35 780
35 781
35 782
35 784
35 785
35 786
35 787
35 789
35 790
35 791
35 813
35 814
35 815
35 816
35 817
35 818
35 819
35 820
35 821
35 822
35 823
35 841
35 842
35 845
35 852
35 853
35 854
35 855
35 858
35 859
35 860
35 864
35 894
35 897
35 898
35 899
35 900
35 901
35 902
35 903
35 904
35 913
35 914
35 933
35 949
35 978
35 1006
35 1007
35 1008
35 1009
35 1010
35 1011
35 1012
35 1013
35 1014
35 1015
35 1019
35 1020
35 1021
35 1022
35 1023
35 1024
35 1025
35 1026
35 1027
35 1028
35 1029
35 1030
35 1031
35 1032
35 1034
35 1035
35 1036
35 1037
35 1038
35 1039
35 1040
35 1041
35 1042
35 1043
35 1044
35 1045
35 1046
35 1047
35 1048
35 1049
35 1050
35 1051
35 1052
35 1053
35 1054
35 1056
35 1057
35 1059
35 1060
35 1061
35 1062
35 1063
35 1064
35 1065
35 1066
35 1067
35 1068
35 1069
35 1070
35 1071
35 1072
35 1073
35 1074
35 1075
35 1076
35 1077
35 1079
35 1080
35 1081
35 1082
35 1083
35 1085
35 1086
35 1087
35 1088
35 1089
35 1091
35 1092
35 1093
35 1094
35 1097
35 1098
35 1099
35 1100
35 1101
35 1102
35 1103
35 1104
35 1105
35 1106
35 1107
35 1108
35 1109
35 1110
35 1111
35 1112
35 1113
35 1114
35 1115
35 1116
35 1117
35 1124
35 1126
35 1140
35 1141
35 1145
35 1148
35 1160
35 1168
35 1256
36 0
37 0
37 159
38 0
38 47
39 0
39 14
39 99
39 308
39 663
39 678
39 897
39 933
39 1025
39 1039
39 1069
39 1083
39 1167
39 1237
39 1485
39 1487
39 1540
39 1582
39 1588
39 1593
39 1675
39 1678
39 1717
40 0
40 159
40 1063
41 0
41 159
41 1063
41 1147
42 0
42 159
42 713
42 721
43 0
43 159
43 992
43 1515
44 0
45 0
45 11
45 14
45 154
45 197
45 355
45 441
45 487
45 705
45 855
45 858
45 859
45 860
45 1032
45 1048
45 1052
45 1265
45 1273
45 1274
45 1293
45 1357
45 1369
45 1381
45 1382
45 1384
45 1460
45 1467
45 1469
45 1471
45 1474
45 1479
45 1483
45 1484
45 1486
45 1487
45 1488
45 1489
45 1491
45 1492
45 1505
45 1506
45 1507
45 1525
45 1538
45 1544
45 1545
45 1546
45 1547
45 1558
45 1561
45 1563
45 1573
45 1587
45 1588
45 1591
45 1592
45 1593
45 1594
45 1595
45 1599
45 1600
45 1601
45 1602
45 1603
45 1604
45 1605
45 1606
45 1607
45 1608
45 1610
45 1611
45 1612
45 1613
45 1614
45 1615
45 1618
45 1619
45 1620
45 1621
45 1622
45 1623
45 1624
45 1625
45 1626
45 1627
45 1628
45 1629
45 1632
45 1633
45 1634
45 1635
46 1
46 2
47 3
47 4
48 5
49 5
49 11
49 14
49 19
49 38
49 39
49 40
49 41
49 43
49 44
49 45
49 47
49 50
49 52
49 54
49 62
49 65
49 66
49 67
49 68
49 69
49 71
49 72
49 83
49 90
49 94
49 99
49 116
49 136
49 143
49 154
49 161
49 171
49 173
49 176
49 177
49 178
49 179
49 180
49 185
49 190
49 193
49 195
49 197
49 199
49 200
49 202
49 204
49 215
49 216
49 218
49 227
49 230
49 232
49 235
49 240
49 241
49 254
49 260
49 267
49 268
49 271
49 299
49 309
49 310
49 311
49 312
49 313
49 322
49 323
49 325
49 326
49 329
49 337
49 352
49 353
49 370
49 380
49 381
49 406
49 409
49 413
49 414
49 437
49 460
49 469
49 483
49 487
49 532
49 559
49 562
49 563
49 564
49 565
49 586
49 588
49 589
49 590
49 591
49 594
49 596
49 597
49 598
49 602
49 603
49 604
49 605
49 607
49 612
49 613
49 615
49 646
49 647
49 648
49 649
49 650
49 651
49 653
49 655
49 656
49 658
49 659
49 661
49 662
49 668
49 683
49 684
49 686
49 705
49 716
49 717
49 724
49 725
49 726
49 727
49 739
49 759
49 817
49 818
49 819
49 820
49 821
49 823
50 6
51 7
52 7
52 10
52 12
52 17
52 35
52 42
52 74
52 92
52 117
52 307
52 1404
52 1405
52 1406
52 1407
52 1408
52 1409
52 1410
52 1411
52 1412
52 1413
52 1415
52 1417
52 1418
52 1419
52 1420
52 1422
52 1423
52 1424
52 1425
52 1426
52 1427
52 1428
52 1429
52 1430
52 1431
52 1432
52 1433
52 1434
52 1437
52 1438
52 1439
52 1440
52 1441
52 1442
52 1443
52 1444
52 1445
52 1446
52 1447
52 1448
52 1449
52 1450
52 1452
52 1453
52 1454
52 1455
52 1456
52 1457
52 1458
53 8
53 9
53 1520
54 10
55 11
56 11
56 14
56 38
56 39
56 40
56 41
56 43
56 44
56 45
56 46
56 47
56 50
56 52
56 62
56 65
56 66
56 67
56 68
56 69
56 71
56 72
56 93
56 99
56 173
56 176
56 178
56 179
56 180
56 197
56 216
56 310
56 312
56 313
56 355
56 435
56 606
56 665
56 682
56 687
57 11
58 11
59 11
59 43
59 50
59 59
59 66
59 67
59 95
60 11
60 43
60 50
60 59
60 66
60 67
60 85
60 95
60 160
61 11
61 14
61 27
61 38
61 39
61 40
61 41
61 43
61 44
61 45
61 46
61 47
61 50
61 54
61 59
61 62
61 65
61 66
61 67
61 68
61 69
61 71
61 72
61 90
61 99
61 116
61 136
61 154
61 173
61 176
61 177
61 178
61 179
61 180
61 190
61 193
61 195
61 197
61 200
61 207
61 216
61 227
61 235
61 240
61 241
61 298
61 309
61 310
61 311
61 312
61 313
61 322
61 323
61 326
61 368
61 370
61 435
61 440
61 458
61 487
61 532
61 559
61 560
61 563
61 564
61 565
61 607
61 612
61 613
61 615
61 642
61 646
61 647
61 648
61 650
61 651
61 653
61 655
61 656
61 658
61 659
61 661
61 662
61 668
61 678
61 683
61 684
61 685
61 686
61 695
61 705
61 725
61 742
61 750
61 762
61 768
61 913
61 1039
62 11
62 14
62 39
62 40
62 43
62 44
62 45
62 47
62 50
62 62
62 65
62 67
62 68
62 69
62 72
62 99
62 155
62 173
62 176
62 177
62 180
62 190
62 193
62 197
62 200
62 206
62 207
62 216
62 227
62 236
62 237
62 238
62 239
62 240
62 241
62 310
62 311
62 312
62 313
62 322
62 326
62 368
62 406
63 11
63 14
63 38
63 39
63 41
63 43
63 44
63 45
63 46
63 47
63 50
63 52
63 62
63 66
63 67
63 68
63 69
63 71
63 72
63 99
63 138
63 139
63 176
63 179
63 216
63 309
63 406
63 598
64 11
64 14
64 40
64 43
64 44
64 46
64 47
64 50
64 52
64 54
64 59
64 62
64 69
64 99
64 154
64 155
64 176
64 177
64 178
64 180
64 197
64 216
64 227
64 308
64 309
64 311
64 312
64 322
64 355
65 11
65 14
65 40
65 43
65 44
65 46
65 47
65 50
65 52
65 54
65 59
65 62
65 67
65 69
65 72
65 115
65 150
65 154
65 155
65 159
65 168
65 176
65 177
65 178
65 179
65 180
65 197
65 216
65 227
65 308
65 309
65 311
65 312
65 322
65 355
65 380
65 381
66 11
67 11
67 14
67 27
67 38
67 39
67 40
67 41
67 43
67 44
67 45
67 46
67 47
67 50
67 52
67 54
67 62
67 65
67 66
67 67
67 68
67 69
67 71
67 72
67 90
67 99
67 136
67 155
67 173
67 176
67 177
67 178
67 179
67 180
67 189
67 190
67 193
67 195
67 197
67 200
67 216
67 227
67 235
67 240
67 241
67 309
67 310
67 311
67 312
67 313
67 322
67 323
67 326
67 368
67 380
67 381
67 406
67 435
67 440
67 447
67 454
67 458
67 468
67 487
67 532
67 559
67 563
67 565
67 588
67 589
67 590
67 591
67 592
67 593
67 594
67 595
67 596
67 597
67 598
67 599
67 602
67 603
67 604
67 605
67 607
67 615
67 630
67 642
67 643
67 644
67 646
67 647
67 648
67 649
67 650
67 651
67 653
67 655
67 656
67 658
67 659
67 662
67 668
67 678
67 679
67 680
67 683
67 684
67 686
67 687
67 689
67 693
67 695
67 705
67 716
67 724
67 725
67 739
67 740
67 742
67 744
67 750
67 759
67 766
67 768
67 818
67 821
67 823
67 842
67 845
67 864
67 913
67 914
67 978
67 1013
67 1019
67 1038
67 1145
67 1364
67 1365
67 1523
67 1779
67 1780
67 1781
68 11
68 14
68 38
68 39
68 40
68 41
68 43
68 44
68 45
68 46
68 47
68 50
68 52
68 54
68 59
68 62
68 65
68 66
68 67
68 68
68 69
68 71
68 99
68 154
68 155
68 173
68 176
68 177
68 178
68 179
68 180
68 190
68 193
68 197
68 200
68 216
68 227
68 235
68 240
68 241
68 309
68 310
68 311
68 312
68 322
68 323
68 326
68 336
68 355
68 368
68 370
68 380
68 406
68 440
68 441
68 447
68 468
68 487
68 532
68 536
68 537
68 559
68 562
68 563
68 564
68 565
68 586
68 588
68 589
68 590
68 591
68 592
68 593
68 594
68 595
68 596
68 597
68 598
68 599
68 602
68 603
68 604
68 607
68 612
68 620
68 624
68 632
68 634
68 636
68 640
68 642
68 644
68 646
68 648
68 649
68 653
68 655
68 656
68 658
68 661
68 662
68 663
68 667
68 668
68 678
68 679
68 680
68 682
68 683
68 684
68 685
68 686
68 687
68 689
68 691
68 695
68 705
68 709
68 724
68 727
68 742
68 744
68 746
68 748
68 750
68 753
68 757
68 759
68 765
68 766
68 768
68 818
68 819
68 820
68 821
68 841
68 845
68 853
68 859
68 864
68 894
68 914
69 11
69 14
69 38
69 44
69 45
69 47
69 50
69 52
69 54
69 62
69 67
69 68
69 69
69 71
69 72
69 99
69 173
69 176
69 177
69 178
69 180
69 190
69 193
69 194
69 195
69 197
69 216
69 227
69 235
69 240
69 241
69 310
69 311
69 312
69 313
69 322
69 323
69 326
69 355
69 368
69 435
69 440
69 468
69 481
69 487
69 532
69 562
69 563
69 564
69 586
69 602
69 607
69 609
69 612
69 615
69 640
69 642
69 644
69 648
69 650
69 655
69 656
69 658
69 668
69 670
69 672
69 678
69 679
69 680
69 682
69 683
69 684
69 685
69 686
69 687
69 689
69 691
69 693
69 705
69 717
69 724
69 725
69 727
69 742
69 753
69 765
69 768
69 845
70 11
70 39
70 45
70 47
70 50
70 54
70 62
70 67
70 68
70 72
70 99
70 154
70 173
70 176
70 179
70 227
70 235
70 310
70 311
70 312
70 435
70 447
70 468
70 530
70 586
70 588
70 589
70 590
70 591
70 592
70 593
70 594
70 595
70 596
70 597
70 598
70 599
70 602
70 603
70 604
70 605
70 618
70 624
70 628
70 642
70 663
70 672
70 678
70 680
70 682
70 683
70 689
70 693
70 695
70 705
70 748
70 757
70 765
70 768
70 841
70 845
70 852
70 864
70 913
70 914
71 11
71 38
71 39
71 40
71 41
71 45
71 47
71 50
71 62
71 67
71 69
71 72
71 154
71 155
71 176
71 178
71 179
71 180
71 190
71 195
71 227
71 310
71 312
71 323
71 326
71 370
71 381
71 441
71 447
71 468
71 487
71 524
71 559
71 562
71 563
71 564
71 586
71 589
71 590
71 591
71 592
71 593
71 594
71 595
71 598
71 602
71 603
71 604
71 605
71 609
71 612
71 622
71 638
71 640
71 642
71 644
71 646
71 648
71 649
71 650
71 653
71 656
71 658
71 659
71 663
71 667
71 668
71 672
71 676
71 678
71 679
71 680
71 683
71 684
71 685
71 686
71 687
71 689
71 691
71 693
71 695
71 709
71 726
71 727
71 728
71 742
71 750
71 758
71 759
71 768
71 818
71 841
71 853
71 854
71 855
71 858
71 859
71 860
71 864
71 880
71 894
71 897
71 913
71 914
71 933
71 978
71 1012
71 1039
71 1081
72 11
72 14
72 38
72 39
72 40
72 41
72 43
72 44
72 45
72 46
72 47
72 50
72 54
72 59
72 62
72 65
72 67
72 68
72 69
72 71
72 72
72 90
72 99
72 173
72 176
72 177
72 178
72 179
72 180
72 189
72 190
72 193
72 195
72 197
72 200
72 216
72 227
72 235
72 240
72 241
72 309
72 310
72 311
72 312
72 313
72 322
72 323
72 326
72 355
72 368
72 370
72 380
72 406
72 435
72 440
72 445
72 447
72 468
72 487
72 532
72 537
72 559
72 562
72 563
72 564
72 565
72 566
72 586
72 588
72 589
72 590
72 591
72 592
72 593
72 594
72 595
72 596
72 597
72 598
72 599
72 602
72 603
72 604
72 605
72 606
72 607
72 609
72 612
72 613
72 615
72 618
72 620
72 622
72 624
72 626
72 628
72 630
72 632
72 634
72 636
72 638
72 640
72 642
72 643
72 644
72 646
72 647
72 648
72 649
72 650
72 651
72 653
72 655
72 656
72 658
72 659
72 661
72 662
72 663
72 667
72 668
72 672
72 674
72 676
72 678
72 679
72 680
72 683
72 684
72 685
72 686
72 687
72 689
72 691
72 693
72 695
72 705
72 709
72 717
72 724
72 725
72 726
72 727
72 734
72 735
72 739
72 742
72 744
72 746
72 748
72 750
72 751
72 758
72 759
72 762
72 765
72 766
72 768
72 793
72 794
72 817
72 818
72 819
72 820
72 821
72 822
72 823
72 842
72 852
72 853
72 859
72 864
72 904
72 913
72 914
72 933
72 949
72 978
72 1013
72 1038
72 1089
72 1097
72 1098
72 1099
72 1101
72 1102
72 1103
72 1104
72 1105
72 1106
72 1108
72 1109
72 1110
72 1111
72 1112
72 1113
72 1114
72 1115
72 1117
72 1124
72 1126
72 1148
73 11
73 43
73 69
73 136
73 189
73 325
73 377
73 589
73 611
73 613
73 614
73 616
73 645
73 652
73 654
73 657
73 660
73 720
73 815
74 11
74 179
74 227
74 563
74 607
74 618
74 620
74 626
74 628
74 630
74 632
74 638
74 663
74 670
74 765
74 842
74 864
74 978
75 13
76 14
76 39
76 40
76 41
76 44
76 50
76 62
76 72
76 99
76 176
76 227
76 235
76 313
76 602
76 665
76 678
76 746
76 845
77 14
77 19
77 20
77 27
77 38
77 39
77 40
77 41
77 43
77 44
77 45
77 46
77 47
77 50
77 52
77 54
77 59
77 62
77 66
77 67
77 68
77 69
77 71
77 72
77 76
77 77
77 90
77 99
77 119
77 173
77 176
77 177
77 178
77 179
77 180
77 189
77 190
77 193
77 195
77 227
77 235
77 312
77 313
77 322
77 326
77 435
77 487
77 532
77 588
77 589
77 590
77 591
77 592
77 593
77 594
77 595
77 596
77 597
77 602
77 603
77 604
77 605
77 642
77 679
77 680
77 682
77 685
77 689
77 693
77 695
77 744
77 746
77 762
77 787
77 1168
77 1346
78 14
78 44
78 148
78 154
78 176
78 177
78 178
78 179
78 180
78 216
78 244
78 308
78 309
78 310
78 311
78 312
78 313
78 369
79 14
79 38
79 39
79 43
79 44
79 47
79 50
79 54
79 62
79 67
79 68
79 69
79 99
79 154
79 159
79 170
79 171
79 173
79 176
79 179
79 197
79 227
80 14
80 39
80 40
80 41
80 43
80 44
80 45
80 65
80 68
80 71
80 99
80 155
80 173
80 176
80 177
80 180
80 216
80 235
80 263
80 309
80 311
80 312
80 589
80 597
80 624
80 680
81 14
81 27
81 38
81 39
81 40
81 41
81 44
81 45
81 47
81 50
81 52
81 54
81 59
81 62
81 65
81 66
81 67
81 68
81 69
81 71
81 72
81 87
81 89
81 90
81 96
81 99
81 136
81 155
81 159
81 173
81 176
81 177
81 178
81 179
81 180
81 190
81 193
81 195
81 197
81 200
81 207
81 227
81 235
81 240
81 241
81 312
81 313
81 323
81 325
81 326
81 406
81 440
81 463
81 532
81 558
81 573
81 588
81 591
81 593
81 596
81 614
81 638
81 640
81 645
81 649
81 654
81 670
81 679
81 682
81 685
81 689
81 691
81 693
81 720
81 746
81 793
81 815
81 816
81 948
82 14
82 54
82 314
83 14
83 54
83 90
83 159
83 184
83 193
83 240
83 323
83 326
83 337
84 14
84 40
84 44
84 62
84 69
84 72
84 99
84 173
84 179
84 180
84 227
84 311
84 313
85 14
85 39
85 41
85 43
85 44
85 47
85 54
85 62
85 65
85 66
85 69
85 71
85 90
85 99
85 154
85 176
85 177
85 179
85 180
85 190
85 193
85 194
85 195
85 197
85 200
85 227
85 240
85 241
85 310
85 323
85 325
85 326
85 330
85 339
85 371
85 440
85 487
85 537
85 551
85 561
85 563
85 587
85 602
85 603
85 605
85 607
85 612
85 615
85 642
85 646
85 647
85 648
85 650
85 651
85 653
85 655
85 656
85 658
85 659
85 661
85 662
85 668
85 709
85 725
85 753
85 817
85 818
85 819
85 821
85 823
86 14
86 69
86 90
86 99
86 189
86 190
86 193
86 195
86 256
86 313
86 586
86 592
86 746
86 762
87 14
87 38
87 44
87 50
87 52
87 54
87 65
87 69
87 72
87 99
87 179
87 180
87 190
87 193
87 195
87 197
87 200
87 227
87 241
87 298
87 310
87 312
87 313
87 323
87 326
87 403
87 406
87 435
87 468
87 487
87 515
87 559
87 563
87 589
87 599
87 603
87 607
87 612
87 615
87 644
87 646
87 648
87 649
87 650
87 653
87 655
87 656
87 658
87 659
87 668
87 678
87 679
87 680
87 684
87 685
87 689
87 691
87 695
87 705
87 739
87 744
87 762
87 817
87 818
87 819
87 821
87 864
88 14
88 39
88 44
88 69
88 72
88 90
88 177
88 179
88 180
88 185
88 186
88 187
88 190
88 193
88 200
88 201
88 240
88 241
88 310
88 313
88 323
88 326
88 406
88 435
89 14
89 41
89 43
89 45
89 47
89 62
89 68
89 69
89 173
89 176
89 179
89 180
89 193
89 309
89 310
89 311
89 312
89 313
89 348
89 349
89 435
89 640
89 644
89 753
89 768
89 1032
90 14
91 14
91 38
91 39
91 47
91 50
91 65
91 67
91 68
91 69
91 177
91 179
91 380
91 440
91 588
91 591
91 691
91 742
91 1126
92 14
92 38
92 45
92 67
92 68
92 71
92 72
92 154
92 173
92 176
92 177
92 180
92 235
92 312
92 322
92 368
92 440
92 445
92 468
92 590
92 594
92 595
92 597
92 599
92 602
92 603
92 604
92 605
92 606
92 609
92 618
92 620
92 626
92 638
92 640
92 667
92 670
92 672
92 674
92 683
93 14
93 43
93 45
93 173
93 193
93 216
93 311
93 312
93 340
93 341
93 563
93 586
93 593
93 602
93 603
93 605
93 685
94 14
94 39
94 45
94 62
94 66
94 69
94 176
94 177
94 178
94 179
94 180
94 435
94 588
94 589
94 590
94 591
94 592
94 593
94 594
94 595
94 596
94 597
94 598
94 604
94 642
94 644
94 663
94 678
94 679
94 680
94 687
94 689
94 693
94 695
94 697
94 746
94 751
94 753
94 762
94 841
94 864
95 14
95 40
95 43
95 44
95 47
95 50
95 69
95 72
95 176
95 311
95 313
95 435
95 532
95 607
95 642
95 644
95 648
95 649
95 650
95 651
95 658
95 659
95 679
95 691
95 693
95 739
95 750
95 775
95 904
95 984
95 985
96 14
96 38
96 39
96 41
96 47
96 50
96 54
96 67
96 69
96 72
96 99
96 179
96 190
96 195
96 227
96 235
96 312
96 313
96 440
96 468
96 532
96 581
96 582
96 583
96 584
96 586
96 588
96 598
96 634
96 648
96 649
96 650
96 651
96 678
96 684
96 686
96 687
96 691
96 695
96 739
96 742
96 744
96 746
96 750
96 751
96 753
96 817
96 818
96 820
96 845
96 855
96 898
96 899
96 900
96 901
96 902
96 903
96 904
96 914
96 978
96 1006
96 1014
96 1032
96 1036
96 1038
96 1039
96 1045
96 1047
96 1048
96 1049
96 1050
96 1051
96 1052
96 1053
96 1064
96 1065
96 1066
96 1067
96 1068
96 1069
96 1070
96 1071
97 14
97 38
97 39
97 43
97 44
97 50
97 62
97 66
97 67
97 69
97 90
97 99
97 176
97 179
97 190
97 193
97 195
97 200
97 216
97 241
97 311
97 312
97 313
97 323
97 326
97 532
97 563
97 668
97 682
98 14
99 14
99 855
99 858
99 1337
100 14
100 414
100 855
100 1546
100 1570
101 14
101 38
101 47
101 50
101 155
101 159
101 322
101 323
101 381
101 406
101 446
101 768
101 864
101 1045
101 1089
101 1105
101 1266
101 1267
101 1338
101 1362
101 1363
101 1467
101 1478
101 1505
101 1507
101 1525
101 1526
101 1527
101 1528
101 1529
101 1530
101 1531
101 1532
101 1533
101 1534
101 1535
101 1536
101 1537
101 1538
101 1539
101 1540
101 1541
101 1542
101 1543
101 1544
101 1545
101 1546
101 1547
101 1548
101 1549
101 1550
101 1551
101 1552
101 1553
101 1554
101 1555
101 1556
101 1557
101 1564
101 1565
101 1566
101 1568
101 1569
101 1571
101 1572
101 1573
101 1575
101 1577
101 1578
101 1579
101 1580
101 1581
101 1588
101 1591
101 1592
101 1593
101 1594
101 1595
101 1598
101 1609
101 1616
101 1617
101 1642
101 1712
101 1794
101 1879
101 1888
101 1889
101 1893
102 15
102 16
103 17
104 18
104 75
105 19
105 20
106 21
106 22
107 23
108 23
109 24
109 40
109 50
109 180
109 190
109 215
109 309
109 313
109 323
109 368
110 24
110 96
110 118
110 159
110 169
110 184
110 252
110 272
110 276
110 277
110 282
110 283
110 284
110 285
110 291
110 294
110 295
110 331
110 332
110 334
110 335
110 338
110 345
110 351
110 361
110 362
110 363
110 364
110 365
110 366
110 367
110 394
110 399
110 400
110 401
110 415
110 418
110 419
110 421
110 422
110 423
110 424
110 425
110 426
110 427
110 428
110 429
110 431
110 461
110 462
110 463
110 474
110 475
110 476
110 477
110 478
110 479
110 480
110 481
110 492
110 493
110 496
110 497
110 498
110 499
110 500
110 501
110 502
110 516
110 518
110 525
110 578
110 579
110 729
110 730
110 731
110 732
110 733
110 738
110 755
110 778
110 797
110 798
110 799
110 800
110 804
110 832
110 833
110 834
110 835
110 836
110 844
110 847
110 848
110 849
110 857
110 878
110 879
110 881
110 882
110 883
110 884
110 887
110 888
110 889
110 893
110 895
110 896
110 909
110 912
110 917
110 919
110 932
110 934
110 935
110 936
110 937
110 939
110 940
110 944
110 945
110 947
110 952
110 953
110 961
110 963
110 967
110 976
110 977
110 986
110 987
110 988
110 1128
110 1129
110 1130
110 1136
110 1137
110 1154
110 1155
110 1156
110 1157
110 1158
110 1223
110 1224
110 1225
110 1226
110 1268
110 1270
110 1275
110 1276
110 1278
110 1289
110 1290
110 1291
110 1292
110 1294
110 1295
110 1296
110 1297
110 1298
110 1299
110 1300
110 1301
110 1302
110 1303
110 1304
110 1305
110 1308
110 1309
110 1320
110 1321
110 1322
110 1328
110 1329
110 1350
110 1351
110 1352
110 1354
110 1359
110 1360
110 1361
110 1370
110 1371
110 1375
110 1377
110 1378
110 1379
110 1380
110 1392
110 1393
110 1394
110 1395
110 1396
110 1400
110 1401
110 1402
110 1521
111 24
111 38
111 44
111 69
111 72
111 99
111 173
111 179
111 180
111 193
111 195
111 216
111 326
111 406
111 435
111 469
111 563
111 586
111 588
111 589
111 590
111 593
111 595
111 596
111 597
111 598
111 602
111 603
111 604
111 605
111 646
111 653
111 655
111 658
111 668
111 680
111 684
111 725
111 820
111 821
111 822
112 25
113 25
113 38
113 39
113 43
113 44
113 45
113 69
113 90
113 94
113 99
113 189
113 193
113 197
113 254
113 313
113 317
113 323
113 467
113 563
113 592
113 594
113 598
113 599
113 612
113 650
113 689
113 744
113 787
113 841
114 26
114 27
115 27
115 33
115 34
116 27
116 47
116 50
116 69
116 72
116 176
116 195
116 235
116 313
116 323
116 563
116 648
116 649
116 650
116 662
116 724
116 726
116 727
116 820
117 27
117 44
117 47
117 54
117 90
117 99
117 173
117 177
117 178
117 190
117 193
117 207
117 216
117 313
117 359
117 360
117 406
117 435
118 27
118 227
118 586
118 678
118 687
118 841
118 845
118 933
119 27
119 44
119 47
119 50
119 69
119 90
119 200
119 216
119 309
119 310
119 312
119 323
119 326
119 454
119 532
119 559
119 565
119 607
119 646
119 658
119 659
119 661
119 668
119 670
119 684
119 685
119 686
119 695
119 705
120 27
120 38
120 47
120 176
120 195
120 197
120 200
120 207
120 313
120 435
120 559
120 563
120 588
120 589
120 591
120 593
120 595
120 642
120 668
120 679
120 682
120 689
120 698
120 742
120 766
121 27
121 38
121 44
121 69
121 176
121 193
121 195
121 227
121 586
121 588
121 589
121 591
121 613
121 615
121 640
121 642
121 643
121 655
121 679
121 680
121 683
121 684
121 695
121 748
121 762
121 765
121 852
121 978
121 989
121 990
122 27
122 28
122 72
122 96
122 115
122 138
122 148
122 159
122 161
122 165
122 171
122 177
122 192
122 263
122 355
122 377
122 445
122 467
122 468
122 489
122 500
122 544
122 597
122 672
122 683
122 836
122 860
122 1032
122 1136
122 1138
122 1139
122 1140
122 1141
122 1142
122 1143
122 1144
122 1145
122 1146
122 1147
122 1148
122 1242
122 1245
122 1246
122 1247
122 1248
122 1249
122 1250
122 1251
122 1252
122 1253
122 1254
122 1255
122 1256
122 1264
122 1277
122 1281
122 1282
122 1283
122 1284
122 1287
122 1288
122 1347
123 28
123 29
124 30
125 31
125 32
126 35
127 37
128 38
128 39
128 40
128 41
128 42
128 43
128 44
128 45
128 46
128 47
128 48
128 49
128 50
128 51
128 52
128 53
128 54
128 55
128 56
128 57
128 58
128 59
128 60
128 61
128 62
128 65
128 66
128 67
128 68
128 69
128 70
128 71
128 72
128 89
128 90
129 38
130 38
130 45
130 71
130 72
130 90
130 177
130 190
130 193
130 216
130 313
130 326
130 532
130 559
130 588
130 589
130 593
130 596
130 603
130 607
130 612
130 613
130 615
130 648
130 649
130 650
130 653
130 655
130 658
130 659
130 668
130 678
130 683
130 684
130 693
130 750
130 768
130 800
130 817
130 818
130 819
130 820
130 821
130 822
130 823
130 962
131 38
132 39
132 50
132 54
132 65
132 66
132 173
133 39
133 50
133 54
133 65
133 66
133 172
133 173
133 203
134 39
134 357
135 39
135 384
135 411
136 39
136 69
136 90
136 177
136 193
136 195
136 313
136 395
136 396
136 612
136 686
137 39
137 40
137 47
137 69
137 90
137 180
137 188
137 189
137 190
137 193
137 195
137 207
137 240
137 310
137 312
137 313
137 323
137 325
137 326
137 368
137 370
137 412
137 435
137 559
137 563
137 565
137 594
137 595
137 607
137 612
137 613
137 615
137 622
137 646
137 647
137 648
137 649
137 650
137 651
137 653
137 655
137 656
137 658
137 659
137 662
137 668
137 670
137 686
137 693
137 724
137 725
137 726
137 739
137 750
137 762
137 817
137 818
137 819
137 820
137 823
137 949
138 39
138 44
138 62
138 72
138 176
138 180
138 190
138 309
138 590
138 682
138 693
138 840
139 39
139 43
139 68
139 69
139 72
139 309
139 323
139 586
139 588
139 589
139 590
139 591
139 592
139 593
139 594
139 595
139 607
139 648
139 650
139 656
139 660
139 665
139 686
139 687
139 691
139 762
139 766
139 845
139 864
139 865
139 913
139 914
140 40
140 119
140 120
141 41
141 46
141 62
141 90
141 154
141 179
141 180
141 241
141 311
141 312
141 313
141 406
141 487
141 622
141 672
141 705
141 768
141 841
141 845
141 864
142 41
142 47
142 68
142 71
142 87
142 207
142 241
142 312
142 380
142 441
142 560
142 564
142 573
142 606
142 609
142 622
142 626
142 630
142 638
142 670
142 674
142 676
142 753
142 758
142 793
142 852
142 853
142 859
142 894
142 904
142 948
142 1013
142 1014
142 1019
142 1045
142 1081
142 1090
142 1096
142 1171
142 1172
142 1173
142 1174
142 1175
142 1176
142 1177
142 1178
142 1179
142 1180
142 1181
142 1182
142 1183
142 1184
142 1185
142 1186
142 1187
142 1188
142 1189
142 1190
142 1191
142 1192
142 1193
142 1194
142 1195
142 1196
142 1197
142 1198
142 1199
142 1200
142 1201
142 1202
142 1203
142 1204
142 1205
142 1206
142 1207
142 1208
142 1209
142 1210
142 1211
142 1212
142 1213
142 1214
142 1215
142 1218
142 1219
142 1220
142 1221
143 43
143 389
143 589
144 43
144 54
144 66
144 68
144 176
144 216
144 385
144 386
144 406
145 43
145 67
145 68
145 227
145 435
145 595
146 43
146 1231
146 1232
147 44
147 82
147 99
147 159
147 227
147 261
147 270
147 310
147 437
147 618
147 643
147 672
147 693
147 744
147 894
147 1134
147 1235
147 1240
147 1273
147 1617
147 1625
147 1775
148 44
148 47
148 62
148 72
148 99
148 179
148 184
148 190
148 191
148 192
148 193
148 194
148 195
148 214
148 326
149 44
149 1101
149 1136
150 44
150 45
150 47
150 69
150 180
150 309
150 312
150 313
150 602
150 1032
151 44
151 47
151 52
151 69
151 176
151 178
151 179
151 180
151 216
151 381
151 435
151 468
151 606
151 609
151 618
151 620
151 622
151 624
151 626
151 628
151 630
151 632
151 634
151 636
151 638
151 640
151 642
151 643
151 644
151 663
151 665
151 667
151 670
151 672
151 674
151 676
151 678
151 679
151 680
151 682
151 683
151 685
151 687
151 689
151 691
151 693
151 695
151 740
151 742
151 744
151 746
151 748
151 751
151 753
151 757
151 758
151 759
151 762
151 765
151 766
151 901
151 913
151 1033
151 1141
152 44
152 47
152 54
152 68
152 69
152 154
152 155
152 179
152 180
152 312
152 313
152 381
152 447
152 454
152 458
152 591
152 595
152 596
152 597
152 598
152 599
152 602
152 603
152 604
152 605
152 638
152 640
152 642
152 644
152 679
152 683
152 685
152 687
152 689
152 691
152 693
152 695
152 705
152 762
153 44
153 46
153 50
153 67
153 68
153 69
153 71
153 72
153 176
153 177
153 178
153 180
153 200
153 227
153 235
153 309
153 310
153 311
153 368
153 435
153 468
153 607
153 615
153 650
153 655
153 672
153 678
153 679
153 680
153 687
153 691
153 705
153 753
153 762
153 766
153 769
153 770
154 44
154 52
154 595
154 599
154 642
154 683
154 837
154 838
155 44
155 54
155 59
155 68
155 69
155 310
155 368
155 374
155 676
155 679
155 695
156 45
156 89
157 46
158 47
159 47
160 47
160 176
160 440
160 1045
161 47
161 808
161 959
162 47
162 54
162 90
162 588
162 648
162 649
162 650
162 680
162 978
163 47
163 739
164 50
165 50
165 67
165 68
165 69
165 72
165 154
165 176
165 179
165 180
165 352
165 435
165 586
165 587
165 595
165 596
165 642
165 644
165 678
165 680
165 682
165 683
165 687
165 766
165 864
166 50
166 197
166 322
166 381
166 406
166 435
166 446
166 487
166 705
166 762
166 1013
166 1021
166 1032
166 1039
166 1267
166 1293
166 1381
166 1382
166 1383
166 1384
166 1387
166 1467
166 1474
166 1478
166 1486
166 1525
166 1526
166 1527
166 1536
166 1538
166 1539
166 1543
166 1544
166 1545
166 1546
166 1547
166 1558
166 1559
166 1560
166 1561
166 1563
166 1564
166 1565
166 1566
166 1567
166 1568
166 1569
166 1572
166 1573
166 1574
166 1575
166 1576
166 1577
166 1578
166 1579
166 1580
166 1581
166 1582
166 1583
166 1584
166 1585
166 1586
166 1587
166 1588
166 1589
166 1590
166 1591
166 1592
166 1593
166 1594
166 1595
166 1596
166 1597
166 1598
166 1603
166 1604
166 1606
166 1608
166 1609
166 1610
166 1612
166 1614
166 1615
166 1617
166 1618
166 1621
166 1622
166 1625
166 1628
166 1633
166 1642
166 1644
166 1645
166 1648
166 1652
166 1657
166 1658
166 1659
166 1660
166 1661
166 1662
166 1663
166 1664
166 1665
166 1666
166 1667
166 1668
166 1669
166 1670
166 1671
166 1672
166 1673
166 1674
166 1675
166 1676
166 1677
166 1678
166 1679
166 1680
166 1681
166 1682
166 1683
166 1684
166 1685
166 1686
166 1687
166 1688
166 1689
166 1690
166 1691
166 1692
166 1693
166 1694
166 1695
166 1696
166 1697
166 1698
166 1699
166 1700
166 1701
166 1702
166 1703
166 1704
166 1705
166 1706
166 1707
166 1708
166 1709
166 1710
166 1711
166 1712
166 1713
166 1714
166 1715
166 1716
166 1717
166 1718
166 1719
166 1720
166 1721
166 1722
166 1723
166 1724
166 1725
166 1726
166 1727
166 1728
166 1729
166 1730
166 1731
166 1732
166 1733
166 1734
166 1735
166 1736
166 1737
166 1738
166 1739
166 1740
166 1741
166 1742
166 1743
166 1744
166 1745
166 1746
166 1747
166 1748
166 1749
166 1750
166 1751
166 1752
166 1753
166 1754
166 1755
166 1756
166 1757
166 1758
166 1759
166 1760
166 1761
166 1762
166 1763
166 1764
166 1765
166 1766
166 1767
166 1768
166 1769
166 1770
166 1771
166 1772
166 1777
166 1778
166 1779
166 1780
166 1781
166 1782
166 1783
166 1784
166 1785
166 1786
166 1787
166 1788
166 1789
166 1790
166 1791
166 1792
166 1793
166 1794
166 1795
166 1796
166 1797
166 1798
166 1799
166 1800
166 1802
166 1803
166 1804
166 1805
166 1806
166 1807
166 1808
166 1809
166 1810
166 1811
166 1812
166 1813
167 53
167 73
168 54
168 676
169 54
169 72
169 197
169 312
169 435
169 668
169 686
169 687
169 695
169 750
169 820
169 824
169 825
170 59
171 59
172 62
172 66
172 68
172 216
173 62
173 66
173 68
173 216
173 802
174 63
174 64
175 66
175 69
175 83
175 123
175 154
175 157
175 163
175 185
175 207
175 218
175 219
175 267
175 311
175 355
175 454
175 487
175 667
175 765
175 864
176 67
176 159
176 197
176 212
176 213
176 227
177 67
178 69
178 177
178 180
178 195
178 313
178 345
178 346
179 72
179 435
179 646
180 74
180 117
180 152
180 159
180 166
180 191
180 1242
180 1403
180 1404
180 1405
180 1406
180 1407
180 1408
180 1409
180 1410
180 1411
180 1412
180 1413
180 1414
180 1415
180 1416
180 1417
180 1418
180 1419
180 1420
180 1421
180 1422
180 1423
180 1424
180 1425
180 1426
180 1427
180 1428
180 1429
180 1430
180 1431
180 1432
180 1433
180 1434
180 1435
180 1436
180 1437
180 1438
180 1439
180 1440
180 1441
180 1442
180 1443
180 1444
180 1445
180 1446
180 1447
180 1448
180 1449
180 1450
180 1451
180 1452
180 1453
180 1454
180 1455
180 1456
180 1457
180 1458
181 78
181 81
182 79
183 80
184 80
184 159
184 757
185 83
186 91
187 92
188 95
188 140
188 490
188 491
188 738
189 97
190 99
190 143
191 99
192 115
192 405
193 115
193 473
194 115
195 115
196 118
197 121
198 122
198 123
198 124
198 125
198 126
198 130
198 131
198 133
198 134
198 135
198 137
199 132
199 136
200 136
200 146
200 147
201 136
201 152
201 153
201 159
201 190
201 192
201 193
201 194
201 195
202 136
203 142
204 144
204 145
205 149
206 151
206 159
206 181
207 155
207 316
208 155
209 155
209 855
210 156
210 157
210 158
210 159
210 166
211 159
212 159
212 209
213 159
213 300
213 301
213 302
213 303
214 159
215 159
216 159
217 159
217 472
218 159
218 1121
218 1122
218 1269
219 159
219 527
219 528
220 159
220 866
221 159
221 867
221 868
221 869
222 159
222 381
222 544
222 751
222 762
222 768
222 858
222 860
222 1004
222 1018
222 1118
222 1126
222 1127
223 159
224 159
224 1248
224 1264
225 159
225 464
225 500
225 1147
225 1242
225 1263
225 1277
225 1313
225 1331
226 159
227 159
228 159
229 159
230 159
231 159
232 159
233 159
234 159
235 174
236 175
237 176
237 215
237 227
237 312
237 565
237 595
237 596
237 597
237 599
237 603
237 605
237 607
237 632
237 657
237 667
237 678
237 679
237 709
237 841
237 864
237 913
237 914
238 176
239 177
240 177
241 179
242 179
243 180
244 182
244 183
244 211
244 227
244 484
245 184
246 188
246 412
247 189
248 189
249 190
250 190
250 487
250 562
250 606
250 628
250 672
250 679
250 709
250 762
250 978
251 195
251 532
251 537
251 563
251 612
251 613
251 615
251 650
251 651
251 655
251 656
251 725
251 739
251 817
251 818
251 819
251 822
251 1233
251 1234
252 196
253 198
253 285
253 517
253 1147
253 1242
253 1277
253 1349
254 199
255 200
256 200
256 562
256 1148
256 1462
256 1472
256 1473
256 1475
256 1476
256 1477
256 1640
257 202
258 204
259 205
259 420
260 206
260 207
260 290
260 292
260 293
261 207
262 210
263 214
264 216
264 240
264 241
264 312
264 353
264 441
264 659
264 661
264 757
265 217
266 218
267 219
268 220
268 996
269 221
270 222
271 223
272 224
272 225
273 226
274 227
274 311
274 312
274 355
274 380
274 560
274 695
274 744
274 757
274 841
274 855
274 858
274 859
274 860
274 864
274 894
274 899
274 913
274 914
274 933
274 978
274 1006
274 1007
274 1008
274 1009
274 1010
274 1011
274 1012
274 1013
274 1014
274 1015
274 1016
274 1017
274 1018
274 1019
274 1020
274 1021
274 1022
274 1023
274 1024
274 1025
274 1026
274 1027
274 1028
274 1029
274 1030
274 1031
274 1032
274 1033
274 1034
274 1035
274 1036
274 1037
274 1038
274 1040
274 1041
274 1042
274 1043
274 1044
274 1045
274 1046
274 1047
274 1048
274 1049
274 1050
274 1051
274 1052
274 1053
274 1054
274 1055
274 1056
274 1057
274 1058
274 1059
274 1060
274 1061
274 1062
274 1063
274 1064
274 1065
274 1066
274 1067
274 1068
274 1069
274 1070
274 1071
274 1072
274 1073
274 1074
274 1075
274 1076
274 1077
274 1078
274 1079
274 1080
274 1081
274 1082
274 1083
274 1084
274 1085
274 1086
274 1087
274 1088
274 1089
274 1090
274 1091
274 1092
274 1093
274 1094
274 1095
274 1096
274 1097
274 1098
274 1099
274 1100
274 1101
274 1102
274 1103
274 1104
274 1105
274 1106
274 1107
274 1108
274 1109
274 1110
274 1111
274 1112
274 1113
274 1114
274 1115
274 1116
274 1117
274 1118
274 1119
274 1120
274 1123
274 1124
274 1125
274 1126
274 1127
274 1132
274 1133
274 1293
275 228
276 229
277 230
277 231
277 232
277 233
278 234
279 242
280 243
281 245
281 246
282 247
283 248
284 249
284 251
285 250
286 252
287 253
288 254
289 255
290 257
291 258
292 259
293 260
294 261
295 262
296 264
297 265
298 266
299 267
300 268
301 269
302 270
303 271
304 273
304 274
304 275
304 278
304 279
304 280
304 281
304 286
304 287
304 288
304 289
304 350
305 296
305 297
305 377
306 296
306 297
306 449
306 450
306 451
306 454
306 458
307 298
307 299
308 299
309 304
310 305
311 306
312 307
313 309
313 310
313 313
313 441
313 1340
313 1341
314 310
314 796
315 313
315 1032
315 1459
315 1460
315 1461
315 1462
316 315
316 352
317 317
317 467
318 318
319 319
320 320
321 321
322 324
322 325
322 326
323 325
323 658
323 839
324 327
325 328
326 329
327 333
328 342
328 343
328 602
329 344
330 345
331 347
332 354
333 355
333 376
333 377
333 948
333 949
334 356
335 358
336 368
337 368
338 372
339 373
340 375
341 377
342 377
342 1504
343 378
344 379
344 380
344 381
344 392
345 379
345 417
346 382
346 435
346 1646
346 1647
346 1648
347 383
348 387
349 388
350 390
351 390
351 891
352 391
353 393
353 397
354 398
355 402
356 403
356 513
356 514
356 515
357 404
358 406
359 407
360 408
361 409
362 410
363 413
364 415
365 430
366 432
367 433
368 434
369 436
370 437
371 438
371 439
372 440
372 441
373 440
373 532
374 442
375 443
375 927
376 444
377 445
377 446
377 447
377 1166
378 446
379 448
380 455
380 456
380 457
380 557
380 1261
380 1262
381 459
382 460
383 460
383 1839
384 465
385 466
386 468
387 468
388 470
389 471
390 481
390 500
390 707
390 708
390 826
390 827
390 830
390 831
390 885
390 886
390 922
390 923
391 482
391 702
392 483
393 485
394 486
395 487
396 488
396 489
397 494
397 495
397 500
397 503
398 505
398 506
398 703
398 797
398 928
398 929
398 998
398 999
398 1000
399 507
399 508
400 507
400 508
400 1309
400 1370
400 1371
400 1390
400 1391
400 1396
400 1400
400 1480
400 1481
400 1510
400 1511
400 1630
400 1631
401 509
402 510
403 511
403 512
404 517
404 519
404 521
404 522
404 529
404 585
404 795
404 806
404 807
404 872
404 910
404 1464
405 518
405 1001
405 1119
405 1333
405 1334
406 520
407 523
407 890
408 526
409 538
409 779
409 780
409 781
409 782
409 783
409 784
409 785
409 786
409 787
409 788
409 789
409 790
409 791
409 792
410 542
410 543
410 544
410 546
410 547
410 550
410 552
410 556
410 859
410 1372
411 546
411 547
411 550
411 552
411 555
411 571
411 575
411 577
411 616
411 646
411 653
411 716
411 723
411 783
411 813
411 814
411 815
411 949
411 1018
411 1231
412 580
413 585
413 921
414 585
415 588
415 700
415 701
416 597
417 606
417 640
417 687
417 689
417 751
417 1505
417 1506
417 1600
417 1601
417 1619
418 618
418 663
419 622
420 638
420 954
420 955
420 956
420 957
420 1401
421 680
421 894
421 1080
421 1346
421 1369
421 1505
421 1506
421 1507
421 1599
421 1600
421 1601
421 1602
421 1603
421 1604
421 1735
421 1737
421 1772
421 1773
421 1774
421 1775
421 1776
422 682
422 846
423 682
424 705
425 705
426 705
426 1381
426 1382
426 1383
426 1384
426 1385
426 1386
426 1387
426 1388
426 1465
426 1466
426 1467
426 1468
426 1469
426 1470
426 1471
426 1474
426 1645
427 706
428 709
429 728
430 729
431 737
432 746
432 1318
432 1598
433 750
433 1562
434 757
435 757
435 1478
435 1479
436 762
437 771
438 773
439 774
440 775
441 775
441 983
441 984
442 776
443 777
444 801
445 803
446 805
447 808
448 809
449 810
450 810
450 861
450 908
450 916
450 920
450 921
450 941
450 950
450 959
450 960
450 966
450 1149
450 1150
450 1151
450 1152
450 1159
450 1222
450 1238
451 811
451 812
451 813
451 814
451 815
451 816
451 817
451 818
451 819
451 820
451 821
451 822
451 823
452 811
452 1641
453 824
453 825
454 828
454 829
455 839
456 841
456 842
456 852
456 853
456 854
456 855
456 858
456 859
456 860
457 843
458 845
459 850
460 851
461 852
462 855
463 856
464 860
465 862
466 863
467 870
467 871
468 873
469 874
469 875
469 876
470 877
471 880
472 892
473 893
474 894
475 905
475 906
476 907
477 911
478 913
478 914
479 913
479 926
480 915
481 918
482 919
483 925
484 930
484 931
485 933
486 938
487 942
488 943
489 946
489 968
490 951
491 958
492 962
493 964
493 1380
493 1393
493 1398
493 1399
494 965
495 969
496 970
497 971
497 972
497 973
498 974
498 975
499 979
499 1326
500 980
501 981
502 982
503 991
504 993
505 994
506 995
507 997
508 1002
509 1003
510 1005
511 1034
511 1089
512 1131
512 1153
513 1134
514 1135
515 1136
515 1137
516 1147
516 1263
517 1147
517 1168
517 1169
517 1170
517 1219
517 1220
517 1221
517 1265
517 1266
517 1273
517 1274
518 1155
518 1373
518 1374
518 1655
519 1161
519 1162
520 1163
520 1164
520 1165
520 1239
521 1216
521 1217
522 1226
522 1239
522 1264
522 1290
522 1516
522 1517
522 1518
522 1519
522 1524
523 1227
524 1228
525 1229
526 1230
527 1235
528 1236
529 1240
529 1241
529 1242
529 1243
529 1244
530 1257
530 1258
531 1259
531 1260
532 1267
532 1463
533 1268
533 1272
533 1286
534 1271
535 1271
535 1522
536 1278
537 1279
538 1280
538 1285
539 1287
540 1293
541 1303
541 1304
542 1303
542 1304
542 1364
542 1365
543 1303
543 1304
543 1366
543 1367
543 1629
544 1306
544 1307
545 1310
546 1311
547 1312
548 1313
549 1314
550 1315
551 1316
552 1317
553 1319
554 1320
554 1654
555 1323
556 1324
557 1325
558 1327
559 1330
560 1332
561 1335
562 1336
563 1339
563 1369
564 1342
564 1343
564 1344
564 1495
565 1345
566 1347
567 1348
568 1350
568 1523
569 1353
570 1355
570 1356
571 1358
572 1359
572 1361
573 1362
573 1363
574 1363
575 1368
576 1376
577 1389
578 1397
579 1459
580 1478
581 1482
581 1496
581 1497
581 1498
581 1499
581 1500
581 1501
581 1502
582 1483
582 1503
583 1486
584 1490
585 1492
586 1493
587 1494
588 1508
588 1509
589 1512
590 1513
591 1514
592 1546
593 1547
594 1559
595 1580
596 1580
597 1580
598 1592
598 1814
599 1636
600 1637
600 1638
600 1639
601 1642
602 1643
603 1644
604 1649
605 1650
606 1651
607 1653
608 1656
609 1775
610 1801
611 1815
611 1816
611 1817
611 1818
611 1819
611 1820
611 1821
611 1822
611 1823
611 1824
611 1825
611 1826
611 1827
611 1828
611 1829
611 1830
611 1831
611 1832
611 1833
611 1834
611 1835
611 1836
611 1837
611 1838
611 1840
611 1841
611 1842
611 1843
611 1844
611 1845
611 1846
611 1847
611 1848
611 1849
611 1850
611 1851
611 1852
611 1853
611 1854
611 1855
611 1856
611 1857
611 1858
611 1859
611 1860
611 1861
611 1862
611 1863
611 1864
611 1865
611 1866
611 1867
611 1868
611 1869
611 1870
611 1871
611 1872
611 1873
611 1874
611 1875
611 1876
611 1877
611 1878
611 1880
611 1881
611 1882
611 1883
611 1884
611 1885
611 1886
611 1887
611 1890
611 1891
611 1892
611 1894
611 1895
611 1896
611 1897
