829 551 1476
0 0
0 1
0 2
0 3
1 4
1 5
1 6
1 7
1 8
1 9
1 10
1 11
1 12
1 13
1 14
1 15
1 16
1 17
1 18
1 19
1 20
1 21
1 22
1 23
1 24
1 25
2 26
3 23
4 18
5 27
6 28
7 29
8 30
9 31
9 32
9 33
9 34
9 35
9 36
9 37
9 38
10 30
11 39
11 40
11 41
12 41
13 41
14 42
15 43
16 44
16 45
16 46
16 47
16 48
17 49
18 50
19 50
20 51
20 52
21 53
22 54
23 55
24 55
25 56
26 57
27 58
28 59
29 60
30 61
31 62
32 7
32 9
33 63
34 62
35 64
36 64
36 65
36 66
36 67
36 68
36 69
36 70
36 71
37 72
38 21
39 73
39 74
40 74
40 75
41 29
42 76
43 77
44 78
44 79
45 80
45 81
46 82
47 23
47 83
48 84
49 85
50 86
50 87
50 88
50 89
50 90
50 91
51 92
52 93
53 93
53 94
53 95
53 96
54 78
55 33
55 97
55 98
55 99
55 100
55 101
55 102
55 103
55 104
55 105
55 106
55 107
55 108
55 109
56 49
56 103
56 107
57 49
57 107
58 109
59 110
60 111
61 63
61 112
61 113
61 114
61 115
61 116
62 117
63 118
64 119
65 35
66 11
66 14
66 15
66 19
67 120
68 34
69 34
70 72
71 121
72 27
72 42
73 89
73 90
73 109
73 121
73 122
73 123
73 124
74 125
75 94
76 97
76 126
77 127
77 128
78 129
78 130
78 131
78 132
78 133
78 134
79 77
80 38
81 38
81 56
81 135
82 136
83 137
84 138
85 139
86 140
86 141
86 142
86 143
87 71
87 74
87 125
87 144
87 145
87 146
87 147
87 148
88 145
88 147
88 149
89 19
90 45
91 150
92 2
93 151
94 94
95 91
96 27
96 42
97 152
98 153
99 154
100 69
100 154
101 155
102 156
103 157
103 158
104 159
105 57
105 156
105 160
106 161
107 162
107 163
107 164
107 165
107 166
107 167
108 164
109 168
110 168
111 89
111 169
111 170
111 171
112 79
113 27
113 94
114 172
114 173
114 174
114 175
114 176
114 177
114 178
114 179
114 180
115 87
116 181
116 182
117 183
118 183
118 184
119 185
120 64
121 186
122 187
123 188
124 189
125 190
126 191
127 109
127 192
127 193
127 194
127 195
127 196
128 185
128 192
128 197
128 198
128 199
129 35
130 188
130 200
130 201
130 202
131 181
132 203
133 203
134 204
135 205
136 206
137 207
138 37
139 157
140 208
141 209
142 129
143 210
144 61
144 151
145 61
145 151
145 211
145 212
145 213
145 214
145 215
145 216
146 217
147 218
148 152
149 186
150 171
151 138
151 188
151 219
152 220
153 38
154 198
154 199
154 221
154 222
154 223
155 55
156 151
157 224
158 100
158 206
158 225
158 226
158 227
158 228
158 229
159 206
160 146
161 38
161 230
162 85
163 231
164 110
165 115
166 38
166 232
167 233
168 234
169 160
170 101
170 235
171 236
172 237
173 221
173 222
173 238
173 239
174 227
175 150
176 55
177 42
178 240
179 164
180 241
181 214
182 242
183 71
183 231
184 42
185 21
186 215
187 243
188 244
189 125
189 245
189 246
189 247
189 248
189 249
190 56
191 250
192 251
193 252
194 59
195 59
196 253
197 211
198 254
198 255
199 71
200 256
201 139
201 217
201 244
202 257
203 258
204 97
205 224
206 259
207 154
208 260
209 224
210 13
211 237
212 261
213 26
213 237
213 262
213 263
213 264
213 265
213 266
214 267
215 263
215 266
215 267
216 268
217 269
218 152
218 269
218 270
219 118
219 271
219 272
219 273
219 274
219 275
219 276
219 277
219 278
219 279
219 280
219 281
219 282
219 283
219 284
219 285
219 286
220 80
220 287
220 288
220 289
221 290
222 5
223 38
224 31
224 38
224 291
225 292
226 293
227 294
228 295
229 224
230 296
231 296
232 115
233 96
234 96
235 297
236 298
237 299
238 77
239 300
240 301
241 137
241 283
241 302
241 303
241 304
242 172
242 305
243 74
243 154
244 306
244 307
244 308
245 111
246 231
246 309
247 310
248 203
248 311
249 42
250 297
251 224
252 312
252 313
253 270
254 137
255 160
256 314
257 315
258 316
259 151
260 317
261 113
262 318
263 262
263 281
264 319
265 320
266 321
266 322
267 323
268 145
268 239
269 205
270 324
271 46
272 325
273 45
274 110
275 224
276 46
276 295
276 326
276 327
276 328
276 329
276 330
277 94
278 165
279 331
280 62
281 32
282 250
282 332
283 100
283 228
284 35
285 23
286 23
287 333
288 35
289 224
290 45
290 76
290 333
290 334
290 335
290 336
290 337
291 338
292 339
293 247
293 256
294 174
295 340
296 106
296 340
297 340
298 29
298 76
299 25
300 254
301 49
302 103
302 106
302 107
303 22
303 77
303 313
303 341
304 13
304 312
305 42
306 180
307 342
308 16
309 343
310 160
311 344
312 168
312 345
313 342
314 346
314 347
315 70
316 216
317 292
318 81
319 10
320 300
321 331
322 348
323 299
324 349
325 64
325 66
326 268
327 68
328 247
329 135
330 38
330 257
331 38
332 116
332 350
332 351
332 352
333 240
333 321
334 39
334 150
335 3
335 39
335 45
335 321
335 353
335 354
335 355
335 356
335 357
336 66
337 13
337 24
338 160
339 160
340 358
341 359
342 38
342 110
342 299
342 360
343 314
343 361
343 362
343 363
343 364
344 339
344 365
344 366
344 367
345 94
346 51
347 67
348 289
349 368
350 128
350 320
350 369
350 370
351 301
351 371
351 372
352 373
353 374
353 375
354 161
355 13
355 22
355 78
355 79
355 161
355 186
355 205
355 376
355 377
355 378
355 379
356 265
356 380
357 216
358 278
359 23
360 13
360 18
361 114
361 219
361 318
362 60
362 108
362 381
363 151
364 42
364 382
365 35
366 250
367 86
368 210
369 210
369 383
369 384
370 385
370 386
371 300
372 387
373 32
374 281
375 59
376 87
377 262
378 388
379 389
380 85
380 157
380 390
380 391
380 392
380 393
381 390
382 391
383 82
383 153
383 261
383 268
383 342
383 352
384 371
385 160
386 235
387 394
388 180
389 395
390 205
391 276
391 396
391 397
392 396
393 398
394 399
395 92
395 109
395 187
395 400
395 401
396 152
396 187
396 331
396 402
397 137
397 303
398 231
399 45
399 403
400 23
401 404
402 405
403 50
403 54
403 72
403 168
403 188
403 404
403 405
403 406
403 407
403 408
404 54
404 168
404 409
404 410
405 119
405 188
405 317
406 50
407 152
408 94
409 273
409 368
409 411
409 412
410 413
410 414
410 415
411 103
411 105
412 94
412 217
412 382
412 416
412 417
412 418
413 319
413 338
413 348
413 387
413 419
413 420
413 421
414 406
414 407
415 289
416 60
417 78
417 186
418 43
419 422
419 423
420 424
421 424
422 424
423 46
423 80
424 42
424 58
424 93
424 94
424 95
424 109
424 217
424 234
424 316
424 416
424 418
424 425
424 426
424 427
424 428
424 429
424 430
424 431
425 397
426 293
427 432
428 433
429 434
430 256
431 32
432 79
433 435
434 38
434 436
435 160
436 404
436 405
437 86
438 13
438 262
438 431
439 180
440 184
440 432
441 437
442 224
443 77
444 77
445 77
446 93
447 240
448 20
448 94
449 438
450 113
451 116
451 439
451 440
452 441
453 389
453 441
454 441
455 66
456 180
457 442
458 76
459 412
460 387
461 61
462 61
463 61
464 250
465 53
465 241
465 308
466 28
467 111
468 261
469 43
469 248
470 21
471 188
471 443
471 444
472 152
473 116
473 218
473 388
473 445
473 446
473 447
473 448
473 449
473 450
474 13
475 404
475 409
476 152
477 242
478 160
479 29
480 261
480 387
481 434
482 338
483 152
484 451
485 28
486 152
487 446
488 189
489 431
489 452
490 450
491 450
492 49
493 211
494 12
495 111
496 27
496 42
496 94
496 209
496 286
496 382
496 453
496 454
496 455
497 13
498 18
499 456
500 457
501 456
501 457
501 458
501 459
501 460
502 343
503 114
504 115
505 85
506 355
507 381
508 360
509 444
510 89
510 171
511 220
511 461
511 462
512 463
512 464
513 44
513 45
513 47
513 48
513 319
513 383
513 465
513 466
513 467
513 468
513 469
514 124
514 298
514 470
514 471
515 434
516 96
517 370
518 360
519 35
520 472
521 154
522 71
523 294
523 468
524 60
525 205
526 60
527 25
528 369
529 441
530 109
530 193
530 194
530 195
530 196
530 400
530 401
530 473
530 474
530 475
531 476
531 477
532 109
532 195
532 197
532 359
532 460
532 478
533 479
534 480
535 46
535 52
535 203
535 207
535 481
536 213
537 296
538 79
539 482
540 213
541 77
542 283
542 483
542 484
543 35
544 35
545 211
546 295
547 485
548 30
548 51
548 59
548 120
548 435
548 485
548 486
549 90
550 451
551 244
552 218
553 201
554 392
555 41
556 28
557 369
558 289
559 317
560 487
560 488
561 152
562 13
562 479
563 479
564 271
565 42
566 81
566 394
566 489
567 34
567 36
568 49
569 40
570 66
571 109
571 359
571 459
571 460
571 478
571 490
571 491
572 440
573 458
574 437
575 205
576 190
576 258
576 437
576 442
576 466
577 22
578 241
579 59
580 492
581 34
582 493
583 118
583 373
583 424
584 245
585 378
586 25
587 226
588 186
589 186
590 175
591 251
591 252
591 350
591 351
591 352
591 494
591 495
591 496
591 497
592 165
593 343
594 27
595 498
596 237
597 215
598 434
599 243
599 306
599 499
599 500
600 437
601 172
602 18
603 113
604 436
605 42
606 55
607 12
608 121
609 188
610 295
611 292
612 58
612 418
612 479
613 96
614 293
615 151
616 289
617 261
618 256
619 18
620 135
621 501
622 289
623 502
624 137
625 235
626 503
627 378
628 205
629 186
630 86
631 81
632 173
632 176
633 176
633 290
634 504
635 62
635 123
635 505
636 94
636 302
637 56
638 86
639 244
640 106
641 343
641 433
641 504
641 506
641 507
642 412
643 82
644 393
645 412
646 27
647 28
648 93
648 501
649 307
650 86
651 173
651 291
652 270
653 331
654 412
655 452
656 78
657 233
658 80
658 140
658 141
658 142
658 143
658 233
658 292
658 441
658 508
659 5
660 13
661 111
661 509
662 399
662 510
662 511
663 357
663 512
664 13
665 279
665 479
666 486
667 186
668 186
669 235
670 345
671 160
672 160
673 288
674 84
675 315
675 395
676 77
677 261
678 99
679 155
679 253
679 513
679 514
680 296
680 308
680 315
680 513
680 514
681 315
682 69
683 96
684 515
685 273
685 412
685 515
686 441
687 441
688 43
689 22
689 159
689 182
689 347
689 516
689 517
689 518
690 374
691 494
691 519
692 98
693 1
694 94
694 109
694 139
694 259
694 375
694 416
694 417
694 423
694 520
694 521
694 522
695 361
695 363
695 364
695 480
695 507
695 523
695 524
695 525
695 526
696 51
697 152
698 152
699 232
700 96
701 480
701 527
702 364
703 404
704 528
705 529
706 191
707 529
708 167
709 10
710 59
711 389
712 125
713 40
714 58
714 84
714 109
714 117
714 139
714 416
714 418
714 431
714 489
714 530
714 531
714 532
715 4
716 319
717 493
718 111
718 309
718 434
719 434
720 309
721 168
722 277
722 529
722 533
723 443
724 286
725 152
726 379
727 320
728 118
728 136
728 166
728 260
728 262
728 276
728 431
728 534
729 256
730 378
730 379
731 377
732 314
733 220
734 299
735 28
735 150
735 242
735 293
735 355
735 398
736 300
737 202
738 332
738 415
739 250
739 310
739 415
740 96
741 289
742 109
743 308
743 514
744 513
745 155
745 253
745 308
746 39
747 152
748 226
749 323
750 270
751 483
752 113
753 312
754 369
755 0
756 331
757 535
757 536
758 154
759 62
760 85
761 314
762 55
762 76
762 344
762 537
763 395
763 502
763 516
764 467
765 348
766 129
766 130
766 131
766 133
766 134
766 493
767 18
768 384
769 86
770 341
771 81
772 10
773 109
773 459
774 109
774 538
775 57
775 109
776 109
777 109
777 539
778 51
778 438
779 261
780 23
781 13
782 30
782 486
783 397
784 52
785 156
786 103
787 172
787 258
787 451
787 466
787 540
788 540
789 247
790 247
791 198
792 377
792 378
793 377
794 42
795 49
796 67
796 70
796 71
796 367
796 386
796 535
796 536
797 188
798 541
799 508
800 534
801 113
802 27
803 216
804 514
805 21
806 115
807 203
808 159
808 325
808 346
809 325
810 109
810 234
810 265
810 542
810 543
811 45
811 111
811 333
811 544
812 372
813 165
814 46
814 132
814 159
814 184
814 255
814 307
814 351
814 358
814 399
814 403
814 414
814 472
814 488
814 498
814 510
814 511
814 512
814 524
814 528
814 545
814 546
814 547
814 548
814 549
814 550
815 152
816 250
817 189
817 473
817 492
818 500
819 18
820 323
820 518
821 111
822 226
823 170
824 398
825 299
826 264
827 297
828 270
