899 522 7089
0 0
0 3
0 6
0 8
0 42
0 71
0 115
0 171
0 187
1 0
1 3
1 6
1 39
1 40
1 120
1 171
1 203
2 1
2 4
2 19
2 185
2 209
2 387
2 433
2 441
3 0
3 6
3 8
4 0
4 3
4 6
4 34
4 42
4 53
4 59
4 70
4 155
4 170
4 189
4 205
4 230
4 242
4 263
4 352
4 375
5 2
5 6
5 72
5 160
5 514
6 0
6 6
6 171
7 0
7 171
8 0
8 3
8 6
8 8
8 55
8 57
9 0
9 6
9 15
9 39
9 40
9 120
9 138
9 171
10 4
10 6
10 8
10 9
10 16
10 20
10 23
10 26
10 58
10 72
10 75
10 76
10 77
10 170
10 188
10 205
10 245
10 259
10 280
10 297
10 314
10 383
10 394
10 448
10 459
10 487
11 0
11 3
12 5
12 42
12 442
13 5
14 5
14 6
14 12
14 42
15 6
16 1
16 5
16 7
16 9
16 10
16 12
16 25
16 31
16 33
16 34
16 42
16 43
16 53
16 60
16 62
16 65
16 66
16 68
16 73
16 81
16 82
16 90
16 103
16 175
16 179
16 208
16 249
16 252
16 269
16 288
16 313
16 359
16 363
16 397
16 433
16 516
16 519
17 9
17 15
17 17
17 36
17 39
17 62
17 63
17 97
17 162
17 245
17 253
17 261
17 262
17 345
17 361
17 382
17 418
18 2
18 6
19 9
19 48
19 75
19 91
20 0
20 6
20 22
20 115
20 118
21 7
21 17
21 42
21 62
21 81
21 209
21 279
22 10
22 36
22 87
22 91
22 93
22 98
22 130
22 338
22 415
23 3
23 4
23 8
23 11
23 12
23 16
23 25
23 37
23 42
23 56
23 62
23 78
23 83
23 88
23 103
23 108
23 128
23 131
23 155
23 167
23 189
23 193
23 203
23 220
23 230
23 245
23 255
23 261
23 278
23 286
23 295
23 310
23 313
23 327
23 331
23 335
23 347
23 359
23 418
23 479
23 495
23 513
24 4
24 16
24 105
24 201
24 263
24 289
25 0
26 0
26 171
27 4
27 17
27 24
27 56
27 62
27 72
27 100
27 340
27 345
27 375
27 394
27 433
28 6
28 9
28 12
28 72
28 79
28 82
28 107
28 152
28 170
28 208
28 211
28 261
28 292
28 299
29 0
29 6
29 33
29 87
29 143
30 6
30 36
30 39
30 79
30 299
30 327
31 4
32 6
32 8
32 12
32 13
32 41
32 42
32 53
32 87
32 106
32 112
32 140
32 206
32 312
32 321
32 355
33 0
33 4
33 6
33 7
33 9
33 13
33 16
33 17
33 22
33 27
33 33
33 41
33 49
33 50
33 62
33 67
33 71
33 72
33 74
33 84
33 86
33 96
33 106
33 107
33 122
33 141
33 146
33 147
33 148
33 149
33 151
33 152
33 153
33 156
33 162
33 167
33 171
33 173
33 182
33 183
33 189
33 194
33 195
33 196
33 197
33 209
33 212
33 213
33 217
33 243
33 255
33 264
33 285
33 286
33 288
33 293
33 300
33 326
33 338
33 341
33 342
33 353
33 368
33 415
33 419
33 426
33 474
33 482
33 487
33 496
34 4
34 23
34 37
34 45
34 50
34 56
34 157
34 160
34 198
34 207
34 230
34 273
34 296
34 323
34 330
34 331
34 363
34 364
35 1
35 4
35 12
35 17
35 28
35 33
35 53
35 81
35 162
35 247
35 263
35 269
35 367
35 378
35 387
35 466
36 2
36 9
36 17
36 23
36 40
36 137
36 139
36 151
36 177
36 301
37 2
37 6
37 9
37 11
37 17
37 21
37 62
37 72
37 75
37 82
37 86
37 102
37 116
37 124
37 159
37 170
37 182
37 188
37 192
37 226
37 280
37 286
37 299
37 311
37 383
38 4
38 9
38 45
38 49
38 63
38 75
38 133
38 170
38 217
38 226
38 261
38 382
38 487
39 4
39 6
39 9
39 11
39 12
39 13
39 15
39 36
39 40
39 41
39 44
39 45
39 53
39 60
39 87
39 106
39 137
39 167
39 213
39 230
39 254
39 269
39 294
39 359
39 418
39 487
40 0
40 6
40 8
40 21
40 53
40 62
40 106
40 140
40 337
41 13
41 14
41 15
41 29
41 30
41 39
41 44
41 142
41 254
42 9
42 17
42 20
42 41
42 42
42 97
42 254
42 279
43 9
43 16
43 23
43 75
43 80
43 119
43 159
43 188
43 212
43 218
43 288
43 304
43 345
43 360
43 394
43 449
44 9
44 25
44 53
44 68
44 70
44 127
44 281
45 10
45 23
45 37
45 40
45 45
45 57
45 131
46 1
46 12
46 17
46 18
46 19
46 23
46 25
46 27
46 29
46 49
46 103
46 108
46 162
46 164
46 217
46 441
47 9
48 6
48 9
48 13
48 34
48 37
48 75
48 112
48 134
49 4
49 6
49 8
49 9
49 10
49 16
49 20
49 25
49 36
49 40
49 49
49 59
49 72
49 74
49 81
49 87
49 103
49 106
49 107
49 115
49 262
49 337
49 418
50 9
50 53
50 75
50 77
50 131
50 135
50 159
50 188
50 225
50 245
50 259
50 335
50 346
50 432
50 508
50 510
51 9
51 16
51 23
51 26
51 75
51 77
51 96
51 119
51 159
51 188
51 259
51 288
51 298
51 323
52 4
52 93
52 109
52 155
52 189
52 289
52 292
52 321
52 324
52 445
53 6
53 7
53 10
54 9
54 18
54 68
54 107
54 168
54 245
55 6
55 33
55 39
55 42
55 53
55 60
55 79
55 115
55 152
55 157
55 167
55 299
55 421
55 441
56 17
56 25
56 36
56 37
56 45
56 49
56 74
56 100
56 131
56 134
56 137
56 155
56 162
56 166
56 168
56 199
56 251
56 262
56 263
56 283
56 347
56 375
56 418
56 488
56 498
57 12
57 62
57 65
57 88
57 173
57 251
57 349
57 359
57 366
58 12
58 16
58 17
58 23
58 43
58 47
58 57
58 62
58 77
58 78
58 81
58 82
58 84
58 97
58 101
58 125
58 127
58 128
58 129
58 131
58 138
58 151
58 164
58 170
58 184
58 189
58 199
58 209
58 216
58 248
58 306
58 325
58 347
58 348
59 3
59 4
59 6
59 9
59 17
59 32
59 42
59 43
59 203
59 289
60 4
60 9
60 12
60 33
60 46
60 52
60 121
60 133
60 198
60 202
60 214
61 8
61 20
61 23
61 42
61 62
61 155
61 175
61 184
61 209
61 261
61 348
61 375
61 395
62 16
62 33
62 44
62 410
63 6
63 10
63 12
63 79
63 170
63 193
63 211
63 292
64 4
64 9
64 10
64 12
64 14
64 20
64 26
64 27
64 28
64 29
64 30
64 32
64 33
64 39
64 40
64 41
64 43
64 44
64 45
64 55
64 67
64 73
64 81
64 89
64 103
64 105
64 106
64 115
64 127
64 129
64 135
64 137
64 139
64 141
64 143
64 146
64 150
64 152
64 160
64 165
64 167
64 170
64 180
64 184
64 189
64 190
64 193
64 196
64 204
64 206
64 213
64 230
64 236
64 238
64 242
64 259
64 264
64 271
64 275
64 280
64 286
64 294
64 299
64 300
64 306
64 308
64 311
64 314
64 316
64 318
64 323
64 326
64 328
64 332
64 345
64 350
64 359
64 363
64 375
64 387
64 388
64 394
64 398
64 415
64 417
64 418
64 425
64 426
64 436
64 437
64 438
64 441
64 461
64 463
64 464
64 465
64 474
64 487
64 501
65 1
65 7
65 12
65 168
65 437
66 9
66 12
66 16
66 21
66 25
66 26
66 28
66 30
66 32
66 47
66 49
66 52
66 53
66 62
66 69
66 82
66 93
66 99
66 100
66 102
66 103
66 105
66 110
66 118
66 123
66 124
66 125
66 129
66 131
66 135
66 144
66 148
66 150
66 151
66 155
66 167
66 182
66 188
66 196
66 205
66 241
66 242
66 243
66 261
66 262
66 263
66 266
66 268
66 269
66 280
66 286
66 288
66 294
66 300
66 301
66 302
66 308
66 309
66 310
66 313
66 329
66 334
66 335
66 340
66 345
66 359
66 362
66 368
66 369
66 374
66 386
66 389
66 394
66 405
66 417
66 418
66 432
66 444
66 445
66 472
66 474
66 484
66 487
66 509
67 9
67 87
67 265
67 348
67 423
67 495
68 2
68 6
68 9
68 39
68 42
68 283
68 327
69 1
69 6
69 13
69 84
69 107
69 151
70 4
70 15
70 24
70 72
70 76
70 117
70 164
70 184
70 194
70 218
70 251
70 310
70 313
70 324
70 351
70 436
70 491
71 9
71 16
71 17
71 20
71 29
71 62
71 72
71 83
71 96
71 97
71 103
71 104
71 155
71 245
71 263
71 276
71 304
71 360
71 448
71 507
71 518
71 520
72 1
72 5
72 7
72 9
72 12
72 31
72 42
72 43
72 66
72 73
72 90
72 175
72 184
72 212
72 261
72 313
73 20
74 7
74 81
74 137
74 186
74 361
75 4
75 34
75 35
75 46
75 74
75 139
75 212
75 243
75 261
75 347
75 350
75 387
75 394
75 417
75 454
76 26
76 40
76 77
76 133
76 135
76 212
76 437
76 494
77 1
77 20
77 32
77 39
77 107
77 265
77 270
77 393
78 9
78 12
78 17
78 63
78 219
78 382
79 0
79 6
79 8
79 42
79 53
79 87
79 106
79 143
79 230
79 251
79 311
79 324
79 390
80 7
80 10
80 12
80 25
80 49
80 152
80 193
80 217
80 236
80 266
81 4
81 12
81 15
81 17
81 37
81 65
81 73
81 74
81 87
81 93
81 209
81 273
81 365
82 4
82 6
82 8
82 9
82 17
82 42
82 52
82 53
82 97
82 103
82 115
82 140
82 184
82 189
82 261
82 269
82 314
82 456
83 9
83 42
83 60
83 81
83 107
83 114
83 283
83 289
84 2
84 6
84 39
84 40
84 53
84 57
84 69
85 20
85 23
85 29
85 37
85 39
85 40
85 57
85 121
85 126
85 131
85 157
85 170
85 177
85 198
85 204
85 207
85 226
85 273
85 287
85 295
85 296
85 301
85 375
85 499
85 510
86 9
86 10
86 21
86 24
86 37
86 49
86 74
86 75
86 85
86 87
86 96
86 140
86 347
86 418
86 433
86 502
87 1
87 4
87 10
87 19
87 49
87 82
87 176
87 214
87 230
87 247
87 367
87 387
87 393
87 433
88 7
88 12
88 31
88 47
88 255
88 276
88 397
88 505
89 7
89 10
89 12
89 25
90 7
90 34
90 42
90 60
91 3
91 12
91 13
91 32
91 43
91 68
91 77
91 81
91 111
91 112
91 206
91 251
91 312
92 12
92 24
92 33
92 40
92 60
92 142
92 218
93 1
93 33
93 53
94 7
94 9
94 12
94 25
94 31
94 33
94 45
94 47
94 54
94 60
94 62
94 66
94 68
94 81
94 90
94 100
94 122
94 152
94 193
94 204
94 288
94 359
94 397
94 422
94 505
95 10
96 4
97 10
97 11
97 37
97 40
97 49
97 72
97 75
97 76
97 98
97 106
97 115
97 152
97 163
97 164
97 167
97 204
97 235
97 251
97 261
97 317
97 318
97 351
97 394
97 413
97 421
97 433
98 31
98 37
98 45
98 57
98 62
98 100
98 115
98 239
98 251
98 255
98 286
98 301
98 345
98 358
99 10
99 34
99 35
99 36
99 37
99 69
99 75
99 93
99 160
99 166
99 308
99 359
99 413
99 441
100 16
100 23
100 34
100 36
100 84
100 88
100 101
100 125
100 134
100 155
100 189
100 198
100 261
100 270
100 281
100 306
100 408
100 432
100 459
100 482
101 8
101 12
101 15
101 20
101 36
101 56
101 78
101 88
101 103
101 104
101 165
101 171
101 201
101 215
101 262
101 307
102 1
102 107
102 115
102 121
102 151
102 237
102 485
102 486
103 33
104 6
104 38
104 53
105 10
105 11
105 36
105 60
105 72
105 76
105 93
105 119
105 149
105 154
105 179
105 317
105 351
105 356
106 10
106 25
106 62
106 162
106 193
106 236
106 421
107 2
107 6
107 10
107 32
107 39
107 137
107 301
107 433
107 446
108 1
108 19
108 237
109 6
109 18
109 27
109 39
109 42
109 52
109 53
109 71
109 168
109 269
110 6
110 29
110 36
110 39
110 42
110 69
110 70
110 88
110 97
110 120
110 121
110 131
110 157
110 160
110 162
110 166
110 187
110 194
110 216
110 237
110 244
110 246
110 268
110 277
110 323
110 338
110 339
110 375
110 378
110 413
110 441
110 447
110 499
111 2
111 10
111 29
111 36
111 37
111 39
111 40
111 45
111 72
111 74
111 75
111 86
111 87
111 121
111 136
111 139
111 150
111 167
111 170
111 189
111 194
111 204
111 205
112 0
112 6
112 36
112 89
112 125
112 151
112 182
112 183
112 189
112 198
112 226
112 264
112 302
112 303
112 323
112 354
112 488
112 506
113 6
113 8
113 12
113 13
113 33
113 42
113 87
113 103
113 126
113 162
113 184
113 193
113 236
113 261
114 9
114 12
114 16
114 17
114 25
114 35
114 43
114 47
114 49
114 61
114 77
114 83
114 100
114 101
114 108
114 133
114 140
114 167
114 179
114 214
114 226
114 240
114 261
114 281
114 288
114 308
114 337
114 346
114 359
114 360
114 384
114 418
114 436
114 437
114 455
115 9
115 23
115 49
115 51
115 53
115 83
115 88
115 100
115 127
115 163
115 167
115 169
115 189
115 210
115 211
115 223
115 230
115 241
115 242
115 251
115 253
115 257
115 269
115 281
115 286
115 306
115 320
115 324
115 386
115 418
115 462
116 0
116 53
117 7
117 16
117 53
117 81
117 102
118 6
119 9
119 13
119 36
119 107
120 17
120 38
120 190
121 42
121 53
121 62
121 96
121 117
121 126
121 269
121 366
122 6
122 90
122 103
123 2
123 21
123 116
123 182
123 264
123 303
123 315
124 6
124 8
124 9
124 17
124 91
124 107
124 122
125 0
125 17
125 72
125 81
125 88
125 166
125 188
126 6
126 104
126 183
127 9
127 12
127 67
127 68
127 93
127 233
127 326
127 349
127 376
127 401
127 433
127 504
128 12
128 20
128 25
128 28
128 42
128 53
128 88
128 89
128 100
128 122
128 155
128 167
128 170
128 189
128 259
128 269
128 306
128 313
128 386
128 400
129 5
129 10
129 16
129 140
130 9
130 12
130 15
130 41
130 76
130 289
130 294
131 1
131 4
131 10
131 11
131 12
131 14
131 18
131 20
131 29
131 33
131 36
131 39
131 52
131 53
131 82
131 93
131 105
131 115
131 142
131 152
131 167
131 208
131 220
131 269
131 375
132 7
132 51
132 73
132 74
132 449
133 48
134 0
134 22
134 68
134 107
134 314
135 10
135 11
135 12
135 15
135 44
135 72
135 76
135 149
135 164
135 317
136 14
136 20
136 29
136 33
136 39
136 52
136 65
136 93
136 114
136 121
136 151
137 17
137 23
137 25
137 47
137 48
137 58
137 59
137 63
137 88
137 94
137 130
137 151
137 167
137 189
137 216
137 220
137 242
137 251
137 262
137 288
137 323
137 325
137 326
137 330
137 334
137 337
137 361
137 386
137 408
137 441
137 487
138 50
138 200
139 2
139 4
139 10
139 12
139 30
139 52
139 53
139 102
139 106
139 123
139 144
139 162
139 213
139 218
139 247
139 254
139 314
139 472
140 42
141 4
141 25
141 48
141 67
141 297
141 337
141 387
142 29
142 38
142 39
143 9
144 38
145 4
145 10
145 12
145 18
145 27
145 37
145 39
145 60
145 93
145 162
145 323
145 387
146 9
146 16
146 17
146 20
146 42
146 43
146 47
146 53
146 75
146 83
146 96
146 103
146 132
146 184
146 187
146 188
146 189
146 196
146 259
146 269
146 280
146 281
146 289
146 294
146 300
146 302
146 304
146 335
146 417
146 423
146 425
146 445
146 492
147 10
147 18
147 33
147 65
147 91
147 212
147 446
148 6
148 17
148 38
148 42
148 86
148 114
148 115
148 209
148 215
148 266
148 283
148 345
149 9
149 17
149 63
149 75
149 97
149 184
149 326
149 382
150 6
150 32
150 43
150 120
150 138
151 4
151 87
151 103
152 18
152 23
152 33
152 54
153 4
153 6
153 17
153 23
153 72
153 83
153 86
153 104
153 168
153 201
153 228
153 239
153 240
153 258
153 307
153 334
153 356
153 391
153 413
153 487
153 500
154 12
155 8
155 16
155 17
155 64
155 66
155 72
155 103
155 109
155 184
155 220
155 251
155 263
155 264
155 318
155 323
155 326
155 375
155 394
155 401
155 418
155 424
155 444
155 454
156 2
156 33
156 39
156 150
156 269
157 20
157 21
157 33
157 56
157 104
157 145
158 10
159 9
159 12
159 20
159 42
159 43
159 49
159 62
159 90
159 98
159 127
159 175
159 251
159 335
160 6
160 12
160 17
160 25
160 31
160 61
160 72
160 110
160 113
160 115
160 225
160 239
160 354
161 12
161 32
161 52
161 104
161 115
161 200
161 213
162 0
163 0
163 80
163 115
163 208
164 6
164 10
164 22
164 42
164 62
164 68
164 74
164 276
164 314
164 394
164 505
165 26
165 77
165 119
165 161
165 322
165 414
166 12
166 16
166 22
166 25
166 27
166 31
166 34
166 35
166 42
166 62
166 64
166 68
166 74
166 77
166 80
166 81
166 82
166 88
166 90
166 91
166 103
166 118
166 131
166 139
166 146
166 153
166 168
166 169
166 173
166 209
166 210
166 226
166 243
166 319
166 325
166 334
166 335
166 433
167 9
167 22
167 40
168 37
168 57
168 131
168 170
168 207
168 226
168 375
168 499
169 10
169 15
169 16
169 21
169 23
169 29
169 37
169 39
169 42
169 57
169 69
169 83
169 88
169 163
169 198
169 228
169 243
169 253
169 311
169 330
169 378
169 391
169 485
170 6
170 10
170 16
170 17
170 25
170 71
170 72
170 83
170 122
170 167
171 62
172 14
172 53
172 55
172 69
172 70
172 79
172 88
172 102
172 106
172 116
172 117
172 135
172 142
172 144
172 167
172 170
172 218
172 225
172 260
172 261
172 352
172 375
172 437
172 501
173 16
173 22
173 42
173 62
173 68
173 80
173 82
173 91
173 95
173 132
173 243
173 432
174 12
174 18
174 43
174 48
174 62
174 118
174 141
175 6
175 22
175 42
175 53
175 60
175 62
175 68
175 80
175 91
175 103
175 115
175 118
175 239
175 269
175 319
175 397
175 411
175 433
175 502
176 37
176 57
176 217
176 246
177 2
177 9
177 11
177 29
177 75
177 76
177 102
177 264
177 337
177 363
177 441
177 455
177 493
178 12
179 16
179 24
179 69
179 84
179 115
179 167
179 264
179 323
179 326
179 351
179 454
180 6
180 17
180 18
180 21
180 25
180 57
180 62
180 68
180 71
180 72
180 82
180 91
180 98
180 118
180 189
180 245
180 251
180 267
180 287
180 294
180 311
180 326
180 335
180 345
180 346
180 347
180 398
180 424
180 439
180 453
180 475
180 499
181 4
181 12
181 32
181 34
181 50
181 75
181 106
181 109
181 110
181 124
181 137
181 144
181 174
181 188
181 192
181 198
181 225
181 251
181 306
181 394
181 418
181 427
181 432
181 441
181 503
182 4
182 8
182 22
182 34
182 35
182 42
182 60
182 62
182 68
182 72
182 73
182 80
182 81
182 88
182 91
182 117
182 118
182 119
182 125
182 167
182 218
182 251
182 349
182 355
182 365
182 368
182 394
182 397
182 401
182 414
182 417
182 433
182 505
183 9
183 21
183 34
183 43
183 62
183 68
183 75
183 112
183 206
183 209
184 0
184 3
184 6
184 171
184 189
184 243
184 323
184 345
184 408
184 421
184 485
184 506
185 18
185 37
185 214
185 217
185 243
185 283
185 302
185 390
185 402
185 423
185 460
186 62
186 87
186 101
186 190
186 308
186 318
186 348
186 433
186 496
187 29
187 62
187 384
188 60
188 62
188 404
189 18
189 160
190 79
190 209
191 6
191 16
191 22
191 25
191 47
191 62
191 72
191 83
191 84
191 87
191 88
191 94
191 103
191 110
191 117
191 129
191 184
191 189
191 218
191 264
191 325
191 346
191 398
191 408
192 6
192 10
192 12
192 15
192 22
192 42
193 13
194 3
194 4
194 10
194 33
194 37
194 52
194 60
194 98
194 152
195 6
195 38
195 86
196 10
196 11
196 16
196 25
196 83
196 84
196 100
196 142
196 187
196 254
196 277
196 408
196 487
197 0
197 2
197 21
197 53
197 75
197 79
197 170
198 0
198 252
199 85
200 9
200 10
200 12
200 16
200 17
200 29
200 45
200 47
200 61
200 66
200 95
200 121
200 163
200 198
200 207
200 243
200 273
200 288
200 316
200 383
200 390
200 422
201 6
201 22
201 23
201 25
201 47
201 58
201 61
201 66
201 67
201 73
201 83
201 84
201 87
201 88
201 90
201 92
201 94
201 100
201 108
201 110
201 125
201 129
201 130
201 160
201 187
201 254
201 262
201 325
201 346
201 374
201 408
201 454
201 487
201 496
202 0
202 6
202 10
202 22
202 34
202 74
202 84
202 86
202 88
202 91
202 110
202 139
202 146
202 171
202 235
202 284
202 298
202 394
202 433
203 6
203 16
203 18
203 24
203 61
203 62
203 83
203 96
203 109
203 131
203 142
203 167
203 189
203 190
203 241
203 259
203 276
203 278
203 324
203 346
203 353
203 366
204 22
204 68
204 80
204 90
204 91
204 118
204 124
204 132
204 177
204 239
204 397
205 9
205 29
205 62
205 93
205 111
205 346
205 348
206 10
206 12
206 16
206 17
206 23
206 34
206 37
206 42
206 65
206 88
206 163
206 167
206 170
206 199
206 218
206 273
206 394
206 486
207 36
207 88
207 97
207 98
207 131
207 136
207 137
207 162
207 192
208 48
208 72
208 84
208 87
208 109
208 110
208 124
208 189
208 290
209 58
209 62
209 76
209 95
209 109
209 120
209 167
209 241
209 276
209 297
210 10
210 23
210 24
210 33
210 36
210 98
210 99
210 155
210 162
210 212
210 227
210 231
210 278
211 25
211 31
211 68
211 70
211 73
211 80
211 127
211 142
211 276
211 281
212 1
212 5
212 9
212 10
212 12
212 15
212 16
212 20
212 22
212 24
212 25
212 32
212 37
212 38
212 41
212 42
212 43
212 44
212 47
212 49
212 53
212 62
212 68
212 71
212 72
212 77
212 81
212 83
212 84
212 85
212 87
212 88
212 93
212 100
212 102
212 103
212 110
212 111
212 122
212 131
212 148
212 152
212 155
212 164
212 167
212 189
212 196
212 206
212 211
212 230
212 235
212 244
212 251
212 254
212 256
212 259
212 261
212 263
212 264
212 276
212 286
212 288
212 300
212 306
212 312
212 321
212 322
212 326
212 334
212 337
212 347
212 348
212 351
212 355
212 356
212 357
212 360
212 362
212 369
212 384
212 386
212 417
212 418
212 423
212 426
212 441
212 443
212 444
213 4
213 9
213 25
213 60
213 100
213 170
214 33
214 42
214 72
214 109
215 101
216 103
216 265
217 14
217 37
217 96
217 105
217 106
217 145
217 167
217 190
217 193
217 230
217 236
217 418
217 433
217 434
217 444
218 11
218 12
218 16
218 25
218 33
218 45
218 49
218 72
218 76
218 83
218 91
218 103
218 115
218 124
218 126
218 128
218 129
218 134
218 145
218 178
218 188
218 189
218 196
218 230
218 237
218 240
218 251
218 252
218 259
218 264
218 326
218 338
218 345
218 350
218 351
218 394
218 454
219 18
219 54
219 98
219 129
219 160
219 187
219 194
219 270
219 499
220 12
220 18
220 24
220 25
220 33
220 49
220 61
220 72
220 100
220 140
220 144
220 145
220 152
220 167
220 174
220 220
220 278
220 310
220 337
221 69
221 352
222 25
222 42
222 49
222 53
222 62
222 187
222 217
222 319
222 347
223 20
223 26
223 53
223 170
224 6
224 33
224 38
224 93
224 107
224 152
224 162
224 167
224 236
224 238
224 339
225 6
225 10
225 37
225 42
225 120
225 122
225 237
225 323
225 324
226 12
226 16
226 40
226 53
226 62
226 109
226 155
226 170
226 174
226 179
226 184
226 189
226 190
226 218
226 230
226 297
226 298
226 306
226 334
226 418
227 6
227 8
227 17
227 162
227 165
227 187
227 193
227 311
228 17
229 0
229 15
229 53
229 106
229 111
229 251
229 269
230 20
231 9
231 16
231 23
231 26
231 77
231 363
231 383
232 42
232 106
232 167
232 168
233 12
233 43
233 72
233 110
233 120
233 138
233 270
233 289
233 337
234 22
234 72
234 374
235 8
235 16
235 35
235 76
235 83
235 163
235 247
235 261
235 314
235 326
235 336
236 10
236 24
236 58
236 189
236 244
236 278
236 301
236 323
236 326
236 418
236 444
237 8
237 17
237 20
237 93
237 97
237 106
237 107
237 115
237 172
237 239
237 253
237 365
237 495
237 502
238 9
238 23
238 83
238 114
238 119
238 125
238 129
238 160
238 163
238 189
238 283
238 311
238 369
238 388
238 433
239 4
240 84
240 110
241 80
241 82
241 118
241 164
241 177
241 239
242 9
242 12
242 16
242 23
242 42
242 62
242 75
242 81
242 83
242 93
242 97
242 159
242 239
242 280
242 288
242 335
242 349
242 398
242 399
243 9
243 84
243 91
243 170
243 348
244 6
244 8
244 12
244 25
244 42
244 79
244 193
245 12
245 41
245 95
246 17
246 20
246 29
246 109
246 135
246 262
246 269
246 332
247 22
248 53
248 79
248 103
249 97
250 9
250 17
250 23
250 124
250 159
250 188
251 123
252 72
252 102
252 103
252 124
252 209
252 394
252 447
253 4
253 36
253 87
254 39
255 9
255 12
255 16
255 25
255 43
255 47
255 106
255 124
255 224
255 254
255 288
255 337
256 40
257 24
257 60
257 356
258 6
258 7
258 13
258 42
258 43
258 53
258 62
258 81
258 106
258 109
258 206
259 9
259 10
259 12
259 16
259 23
259 25
259 42
259 43
259 62
259 80
259 83
259 93
259 132
259 159
259 206
259 288
259 289
259 321
259 349
259 356
259 403
260 22
260 32
261 25
261 41
261 53
261 82
261 103
261 121
261 133
261 170
261 198
262 20
262 26
262 135
262 193
262 238
262 362
262 388
262 417
262 450
262 502
263 60
263 85
264 75
264 134
264 329
265 1
265 29
265 37
265 39
265 41
265 45
265 72
265 97
265 120
265 137
265 138
265 254
265 341
265 342
265 423
265 468
265 469
266 35
266 101
266 126
266 190
266 261
266 308
266 309
266 312
266 324
266 496
266 513
267 134
268 16
268 20
268 28
268 72
268 106
268 158
268 167
268 314
268 318
268 332
268 416
269 9
269 12
269 16
269 62
269 123
269 329
269 346
269 366
269 446
270 1
270 6
270 8
270 9
270 10
270 12
270 20
270 25
270 36
270 40
270 42
270 49
270 62
270 72
270 93
270 96
270 102
270 103
270 107
270 109
270 146
270 148
270 149
270 150
270 151
270 152
270 153
270 154
270 155
270 162
270 171
270 172
270 180
270 209
270 212
270 217
270 254
270 270
270 285
270 286
270 338
270 342
270 419
270 482
270 489
271 9
271 12
271 25
271 62
271 118
271 134
271 155
271 206
271 323
271 345
271 376
271 482
272 1
272 6
272 12
272 13
272 36
272 37
272 40
272 67
272 72
272 93
272 96
272 103
272 146
272 147
272 149
272 151
272 152
272 153
272 154
272 156
272 171
272 172
272 180
272 181
272 264
272 326
272 338
272 342
273 6
273 9
273 12
273 29
273 42
273 62
273 79
273 170
273 188
273 299
274 12
274 43
274 49
274 62
274 123
274 129
274 308
274 309
274 312
274 329
274 363
274 401
274 495
275 0
275 9
275 16
275 72
275 188
276 12
276 16
276 18
276 34
276 40
276 45
276 47
276 49
276 59
276 61
276 68
276 72
276 95
276 96
276 103
276 104
276 146
276 149
276 151
276 154
276 155
276 156
276 157
276 164
276 169
276 171
276 180
276 181
276 194
276 206
276 208
276 212
276 251
276 254
276 270
276 288
276 324
276 326
276 334
276 337
276 343
276 359
277 0
277 6
277 8
277 12
277 16
277 23
277 25
277 32
277 53
277 82
277 106
277 122
277 167
277 168
277 184
277 187
277 191
277 201
277 269
277 368
277 388
278 6
278 9
278 11
278 15
278 36
278 44
278 53
278 75
278 93
278 100
278 106
278 118
278 142
278 164
278 165
278 167
278 194
278 215
278 229
278 251
278 259
278 262
278 278
278 284
278 298
278 323
278 326
278 336
278 351
278 394
278 416
278 423
278 459
278 462
279 10
279 11
279 44
279 72
279 76
279 317
280 18
280 29
280 36
280 39
280 48
280 56
280 88
280 120
280 121
280 131
280 157
280 160
280 189
280 217
280 237
280 244
280 246
280 277
280 323
280 330
280 345
280 375
280 413
281 17
281 337
281 417
281 457
282 69
283 42
283 91
283 107
283 137
284 10
284 17
284 18
284 39
284 42
284 65
284 72
284 157
284 186
285 10
285 33
285 39
285 72
285 97
285 109
285 167
285 174
285 187
285 276
286 6
286 10
286 13
286 145
286 206
286 250
287 17
287 25
287 26
287 65
287 103
288 4
288 29
289 35
289 62
289 166
289 335
289 340
289 376
289 433
290 29
290 121
291 14
291 18
291 107
292 49
292 53
292 62
292 68
292 69
292 70
292 90
292 127
292 352
292 378
292 462
293 4
293 6
293 32
293 33
293 37
293 42
293 90
293 185
294 12
294 32
294 107
294 114
294 133
294 283
295 0
295 9
295 16
295 21
295 109
295 124
295 125
295 170
295 171
295 276
295 318
295 394
295 427
295 437
295 484
296 10
296 87
296 114
297 144
298 35
298 79
298 119
298 137
298 189
298 216
298 236
298 263
298 299
298 314
298 318
298 328
298 345
298 358
298 379
298 418
298 429
298 451
298 487
298 501
299 69
299 70
300 44
300 65
300 96
300 97
300 105
300 124
300 168
300 201
300 225
300 235
300 366
300 409
301 9
301 17
301 18
301 33
301 74
301 75
301 97
301 188
301 192
301 193
301 232
301 245
301 289
301 492
302 4
302 12
302 24
302 43
302 50
302 62
302 66
302 75
302 269
302 288
302 310
303 12
303 43
303 62
303 166
303 262
303 288
303 456
304 25
304 93
304 98
304 99
304 130
304 144
304 179
304 200
304 220
304 233
304 251
304 287
304 323
304 340
304 345
305 20
305 76
305 134
306 107
307 162
308 9
309 0
309 8
309 10
309 12
309 100
309 102
309 104
309 160
309 162
309 247
309 263
309 318
309 456
309 472
309 474
309 476
309 480
310 12
310 166
310 178
311 62
311 69
311 103
312 11
312 33
312 39
312 49
312 53
312 68
312 150
312 220
313 12
313 15
313 37
313 40
313 41
313 45
313 74
313 114
313 142
313 150
313 194
313 207
313 244
313 251
313 268
313 283
313 316
313 329
313 416
313 498
314 7
314 35
314 55
314 81
314 96
314 119
314 122
314 147
314 155
314 173
314 182
314 183
314 194
314 247
314 264
314 303
314 315
314 359
314 383
314 441
315 6
315 18
315 21
315 36
315 39
315 40
315 49
315 53
315 69
315 70
315 114
315 160
315 168
315 179
315 187
315 194
315 216
315 217
315 237
315 244
315 246
315 268
315 283
315 352
315 375
315 413
315 441
316 12
316 43
316 172
316 308
316 336
316 345
317 36
317 149
317 152
317 217
318 4
318 34
318 62
318 74
318 193
318 229
318 251
318 268
318 306
318 329
318 420
319 1
319 4
319 19
319 53
319 156
319 168
319 185
320 96
320 170
320 235
321 6
321 12
321 50
321 62
321 100
321 123
321 132
321 252
321 312
321 322
321 325
321 357
321 389
321 495
321 502
322 186
323 9
324 25
324 60
324 69
324 72
324 87
324 93
324 111
324 140
324 155
324 162
324 339
324 349
324 446
325 76
325 472
326 27
326 40
326 45
326 121
326 204
327 1
327 10
327 33
327 50
327 167
328 10
328 15
328 17
328 81
328 93
328 200
328 452
328 495
329 6
329 42
329 53
329 117
329 218
329 442
330 75
330 93
330 129
330 130
330 172
330 189
330 200
330 209
330 217
330 219
330 259
331 3
331 16
331 17
331 39
331 82
331 83
331 106
331 203
331 216
331 248
331 251
331 273
331 280
331 361
331 363
332 6
332 41
332 52
332 111
332 133
332 149
332 170
332 209
332 211
332 213
332 214
332 217
332 235
333 62
334 24
334 62
334 87
335 79
335 299
336 9
336 12
336 25
336 84
336 103
336 110
336 170
336 221
337 4
337 16
337 26
337 82
337 83
337 144
337 163
338 2
338 3
338 203
339 64
339 65
339 72
339 81
339 87
339 160
339 170
339 224
339 232
339 245
339 277
339 394
339 450
339 496
340 9
340 96
340 346
340 348
340 354
340 423
341 6
341 38
341 42
341 72
342 126
343 8
343 36
343 87
344 50
344 60
344 65
344 114
344 218
344 235
344 264
344 496
345 188
345 209
346 6
346 10
346 72
346 76
346 115
346 167
346 168
346 197
346 244
346 254
346 311
346 321
347 37
347 48
347 54
347 57
347 66
347 72
347 88
347 96
347 98
347 131
347 146
347 168
347 189
347 201
347 220
347 228
347 235
347 287
347 301
347 311
347 323
347 324
347 369
347 370
347 375
347 394
347 423
347 454
347 506
348 9
348 20
348 42
348 62
348 75
348 106
348 223
348 224
348 325
348 511
349 12
349 48
349 52
349 62
349 63
349 78
349 83
349 93
349 107
349 122
349 132
349 162
349 190
349 219
349 225
349 230
349 239
349 250
349 252
349 255
349 278
349 287
349 343
349 350
349 356
349 361
349 514
350 11
350 12
350 37
350 45
350 53
350 62
350 70
350 71
350 74
350 98
350 188
350 241
350 329
350 377
350 379
351 17
351 184
352 176
352 195
353 167
353 168
353 170
353 228
353 230
353 261
353 287
353 375
354 13
355 16
355 29
355 83
355 198
355 222
355 245
355 259
355 280
355 335
355 347
355 349
356 23
356 30
356 35
356 60
356 62
356 82
356 163
356 189
356 218
356 260
356 271
356 340
356 360
357 13
357 366
358 9
359 8
359 33
360 6
360 9
360 16
360 26
360 68
360 75
360 84
360 88
360 103
360 108
360 110
360 131
360 135
360 155
360 164
360 167
360 168
360 188
360 189
360 196
360 222
360 223
360 224
360 225
360 245
360 259
360 275
360 280
360 281
360 304
360 323
360 334
360 345
360 346
360 367
360 392
360 393
360 394
360 401
360 408
360 423
360 427
360 432
360 441
360 454
360 496
360 498
361 8
361 20
361 84
361 106
361 108
361 109
361 131
361 138
361 187
361 229
361 275
361 281
361 304
361 345
361 346
361 347
361 369
361 379
361 486
361 498
362 9
362 11
362 16
362 83
362 167
362 184
362 239
362 361
362 391
362 491
363 12
363 20
363 44
363 53
363 65
363 135
363 170
363 234
363 269
363 441
364 29
364 149
364 201
364 204
364 213
364 220
364 263
364 264
364 290
364 311
364 314
364 345
364 358
364 379
364 474
365 105
365 167
365 356
365 418
366 6
366 53
366 162
367 110
368 75
368 109
368 150
368 269
368 380
369 122
369 151
369 230
370 22
371 38
372 42
372 53
372 83
372 188
372 226
372 241
372 269
372 274
372 311
372 319
372 322
372 330
372 365
373 237
374 9
374 15
374 16
374 75
374 122
374 129
374 170
374 188
374 360
374 394
374 427
374 432
375 11
375 56
375 59
375 74
375 108
375 126
375 132
375 169
375 170
375 189
375 193
375 199
375 239
375 242
375 250
375 252
375 261
375 264
375 267
375 272
375 274
375 302
375 346
375 366
375 371
375 392
375 393
376 11
376 33
376 60
376 72
376 76
376 83
376 143
376 167
376 317
376 318
376 350
377 56
377 209
377 247
378 115
378 344
379 12
379 25
379 66
379 72
379 73
379 81
379 208
379 288
379 325
380 6
380 16
380 33
380 47
380 53
380 79
380 88
380 104
380 152
380 167
380 170
380 184
380 211
380 240
380 269
380 299
380 310
380 313
380 314
380 327
381 2
381 36
381 170
381 292
381 311
382 9
382 75
382 119
382 160
382 170
382 188
382 394
383 9
383 17
383 45
383 53
383 69
383 70
383 97
383 132
383 164
383 170
383 204
383 223
383 232
383 251
383 259
384 16
384 17
384 27
384 98
384 203
384 251
384 267
384 268
384 269
384 287
384 311
384 335
384 345
384 349
384 359
384 439
384 453
384 475
384 499
385 1
385 9
385 12
385 36
385 145
385 179
385 182
385 185
385 220
385 262
385 359
385 380
386 21
386 25
386 238
387 114
387 301
388 6
388 42
388 110
388 115
388 237
388 354
389 42
390 16
390 17
390 82
390 165
390 188
390 209
390 215
390 259
390 280
390 300
390 311
390 378
390 383
390 394
390 427
391 100
391 170
392 6
392 87
392 189
392 258
393 55
393 142
393 366
393 389
394 16
394 17
394 42
394 53
394 69
394 70
394 106
394 122
394 155
394 160
394 188
394 189
394 193
394 215
394 238
394 251
394 259
394 277
394 280
394 306
394 323
394 335
394 352
394 423
394 427
394 436
394 437
395 8
395 12
395 20
395 33
395 93
395 103
395 115
395 152
395 160
395 179
395 187
395 216
395 265
395 270
395 347
395 433
395 451
396 59
396 61
396 62
396 65
396 72
396 81
396 87
396 98
396 109
396 142
396 209
396 286
396 327
396 335
396 350
396 357
396 376
396 426
396 457
396 487
396 491
397 6
397 8
397 9
397 12
397 23
397 54
397 62
397 67
397 68
397 72
397 76
397 81
397 100
397 155
397 156
397 168
397 187
397 189
397 209
397 230
397 251
397 258
397 286
397 294
397 314
397 323
397 334
397 381
398 137
399 20
400 6
400 8
400 16
400 53
400 74
400 83
400 189
400 269
401 12
402 6
402 140
402 258
402 334
403 252
404 62
405 9
405 16
405 17
405 24
405 75
405 82
405 83
405 96
405 159
405 188
405 198
405 226
405 280
405 311
405 383
405 399
405 427
405 503
406 39
406 71
406 203
406 416
407 12
407 209
407 332
408 70
408 206
408 271
408 320
409 6
409 65
409 209
409 258
409 395
410 251
411 6
411 66
411 67
411 76
411 83
411 142
411 167
411 251
411 258
411 317
411 326
411 334
412 50
412 53
412 119
412 251
412 269
412 378
413 23
413 69
413 72
413 75
413 88
413 93
413 127
413 162
413 198
413 211
413 236
413 251
413 329
413 346
413 434
413 441
414 6
414 70
414 105
414 167
415 11
415 18
415 27
415 52
415 53
415 269
416 74
416 268
417 6
417 9
417 42
417 53
417 75
417 124
417 170
417 188
417 225
417 245
417 299
418 16
418 53
418 241
418 269
418 417
418 462
419 20
419 76
419 164
419 187
419 317
420 220
421 6
421 8
421 9
421 12
421 16
421 17
421 25
421 53
421 62
421 75
421 87
421 88
421 100
421 102
421 103
421 104
421 107
421 124
421 140
421 151
421 160
421 166
421 167
421 170
421 189
421 251
421 262
421 269
421 347
421 394
422 258
423 198
423 238
423 329
424 6
424 10
424 62
424 72
424 75
424 88
424 100
424 104
424 134
424 162
424 168
424 189
424 251
424 258
424 270
424 278
424 283
424 294
424 323
424 333
424 334
424 433
425 185
426 12
426 20
426 32
426 88
426 133
427 245
427 255
428 78
429 53
429 442
430 75
430 159
430 162
430 193
430 238
430 400
431 64
432 24
432 26
432 53
432 77
432 251
432 269
432 297
432 375
432 437
432 448
432 458
433 155
434 10
434 23
434 29
434 31
434 40
434 47
434 54
434 56
434 66
434 103
434 121
434 131
434 168
434 187
434 189
434 194
434 220
434 254
434 263
434 288
434 290
434 311
434 323
434 324
434 359
434 369
434 370
434 394
434 423
434 454
435 129
435 170
435 199
435 209
436 77
436 159
436 297
437 282
438 6
438 103
438 264
438 283
438 294
438 307
438 313
439 16
439 83
439 193
439 295
439 329
439 335
439 508
439 510
440 6
440 53
440 140
440 230
440 269
440 361
441 103
441 104
441 164
441 201
441 292
441 307
442 31
442 45
442 47
442 50
442 54
442 62
442 66
442 72
442 103
442 125
442 131
442 168
442 187
442 189
442 193
442 254
442 263
442 285
442 288
442 311
442 323
442 324
442 325
442 369
442 370
442 423
442 454
442 506
443 22
443 56
443 374
444 72
444 82
444 103
444 105
444 111
444 209
444 235
444 251
444 316
444 329
444 471
445 75
446 33
446 49
446 50
446 72
446 152
446 187
446 261
447 6
447 15
447 40
447 42
447 76
447 164
447 170
447 286
447 299
447 314
447 317
447 324
447 379
447 389
448 53
448 187
448 269
448 272
449 37
449 45
449 150
449 188
449 268
449 280
449 289
449 293
449 300
449 348
449 427
449 441
449 495
449 502
450 269
451 291
452 7
453 82
453 125
453 296
454 32
454 37
454 53
454 60
454 66
454 75
454 81
454 111
454 127
454 154
454 167
454 198
454 269
454 273
454 288
454 321
454 323
454 340
454 364
454 397
454 423
454 445
454 454
454 515
455 9
455 321
456 45
456 48
456 59
456 63
456 68
456 83
456 167
456 193
456 211
456 251
456 278
456 281
456 305
456 361
456 421
456 488
457 53
457 65
457 269
457 363
458 23
458 48
458 82
458 88
458 109
458 124
458 144
458 189
458 196
458 238
458 260
458 356
458 388
458 394
458 473
459 182
459 183
460 193
460 340
461 0
461 2
461 6
461 8
461 65
461 104
461 152
461 154
461 155
461 165
461 167
461 171
461 189
461 215
461 242
461 251
461 252
461 347
461 408
461 485
462 81
463 316
464 56
464 83
464 341
464 363
464 479
465 96
465 101
465 144
465 245
465 385
465 437
466 10
466 25
466 394
466 440
466 443
467 12
467 20
467 62
467 100
467 313
467 337
468 9
468 12
468 17
468 25
468 43
468 53
468 62
468 65
468 68
468 74
468 88
468 130
468 155
468 166
468 167
468 189
468 245
468 251
468 269
468 310
468 319
468 322
468 358
468 427
468 440
468 478
469 187
470 10
470 140
470 150
470 189
470 200
471 68
471 74
472 10
472 12
472 93
472 111
472 224
472 230
472 326
472 349
472 376
473 12
473 329
473 359
474 42
474 55
474 62
474 65
474 209
474 251
474 314
474 366
474 473
475 50
475 53
475 69
475 103
475 168
475 189
475 230
475 252
475 269
475 409
476 0
476 2
476 6
476 20
476 24
476 28
476 38
476 44
476 50
476 71
476 78
476 102
476 111
476 183
476 206
476 258
476 260
476 341
477 170
478 20
478 162
478 170
478 188
478 193
478 236
478 238
478 269
478 272
478 332
479 53
479 62
479 81
479 129
479 189
479 193
479 251
479 252
479 269
479 334
480 13
480 338
481 87
481 104
481 213
481 269
481 319
482 67
482 251
482 306
482 345
483 18
483 39
483 162
483 204
483 236
483 238
483 266
483 288
483 339
483 468
484 152
484 338
484 423
485 45
485 59
485 72
485 105
485 109
485 129
485 137
485 209
485 285
485 301
485 316
485 358
486 72
486 105
486 152
486 167
486 168
486 170
486 316
487 23
487 37
487 87
487 103
487 163
487 207
487 209
487 251
487 267
487 287
487 310
487 329
487 331
487 345
487 350
487 356
487 362
487 364
487 365
487 367
487 368
487 395
487 417
488 6
488 8
488 20
488 24
488 25
488 30
488 45
488 48
488 49
488 72
488 74
488 75
488 87
488 93
488 100
488 101
488 111
488 117
488 128
488 148
488 152
488 159
488 184
488 193
488 194
488 211
488 212
488 217
488 251
488 252
488 261
488 262
488 280
488 283
488 306
488 310
488 337
488 347
488 350
488 351
488 367
488 378
488 384
488 393
488 394
488 408
488 418
488 419
488 441
488 444
488 456
488 474
489 35
489 101
489 166
489 173
489 441
490 109
491 42
492 20
492 34
492 56
492 62
492 103
492 134
492 166
492 266
492 271
492 294
492 307
492 327
492 345
492 498
493 29
493 39
493 48
493 87
493 97
493 140
493 187
493 211
493 217
494 20
494 83
494 93
494 295
494 396
495 187
495 347
496 10
496 20
496 29
496 39
496 72
496 100
496 103
496 106
496 120
496 138
496 152
496 155
496 306
496 338
496 429
496 430
496 431
497 21
497 62
498 25
498 29
498 108
498 121
498 157
498 188
498 366
498 418
499 6
499 60
499 71
499 184
499 314
499 318
499 328
499 354
500 21
500 478
501 251
502 216
503 6
503 20
503 103
503 168
503 345
503 353
503 358
503 504
504 8
504 20
504 42
504 83
504 110
504 354
505 8
505 16
505 20
505 43
505 50
505 83
505 103
505 106
505 144
505 167
505 184
505 189
505 200
505 218
505 235
505 261
505 310
505 418
506 36
506 105
506 373
507 8
507 189
508 15
508 25
508 43
508 111
508 152
508 235
508 289
509 31
509 47
509 62
509 103
509 131
509 187
509 239
509 254
509 263
509 323
509 324
509 359
509 369
509 423
510 119
510 170
511 162
511 258
511 333
512 26
512 33
512 62
512 77
512 144
512 152
512 159
512 198
512 217
512 218
512 238
512 291
512 355
513 237
513 314
513 354
514 290
514 358
515 20
515 56
515 189
515 191
515 211
515 324
515 361
516 65
516 69
516 298
516 329
516 331
516 362
516 364
516 368
516 417
517 6
517 12
517 25
517 62
517 81
517 88
517 100
517 110
517 126
517 130
517 184
517 189
517 196
517 211
517 251
517 254
517 258
517 289
517 294
517 306
517 310
517 312
517 323
517 326
517 334
517 337
517 357
517 363
517 384
517 409
518 6
518 10
518 24
518 93
518 104
518 217
518 254
518 258
518 314
518 418
519 70
520 87
520 193
520 394
521 10
521 15
521 18
521 68
521 72
521 88
521 97
521 143
521 155
521 164
521 211
521 263
521 293
521 308
521 326
521 336
521 355
521 364
521 394
521 397
521 423
521 474
522 36
522 266
523 209
524 270
524 293
524 441
525 55
525 62
525 87
526 159
526 364
527 9
527 16
527 57
527 62
527 75
527 129
527 164
527 166
527 190
527 209
527 243
527 302
527 311
527 351
527 375
527 381
527 437
527 454
527 470
527 513
528 93
528 106
528 248
528 444
529 6
529 237
529 398
530 63
530 458
531 17
531 25
531 65
531 115
531 122
531 167
531 321
532 76
532 243
533 18
533 53
533 258
533 262
533 269
534 29
534 40
534 45
534 66
534 108
534 131
534 150
534 189
534 200
534 204
534 251
534 259
534 306
534 323
534 418
535 97
535 243
535 319
535 380
536 372
537 38
538 6
538 16
538 21
538 22
538 29
538 40
538 47
538 49
538 57
538 83
538 86
538 108
538 109
538 121
538 152
538 155
538 163
538 187
538 189
538 204
538 217
538 218
538 230
538 235
538 241
538 244
538 261
538 288
538 290
538 306
538 323
538 330
538 337
538 338
538 343
538 347
538 374
538 384
538 386
538 418
538 443
538 453
538 473
538 474
538 478
539 100
539 386
539 421
540 9
540 12
540 53
540 62
540 69
540 70
540 89
540 152
540 209
540 289
540 321
540 323
541 56
541 104
541 187
541 259
541 294
541 311
541 444
541 498
542 0
542 126
542 154
542 166
542 189
542 378
543 376
544 11
544 18
544 27
544 29
544 37
544 39
544 72
544 96
544 108
544 159
544 169
544 209
544 377
544 381
544 399
545 11
545 18
545 24
545 29
545 33
545 36
545 37
545 39
545 45
545 50
545 53
545 68
545 90
545 106
545 108
545 115
545 120
545 152
545 155
545 177
545 217
545 269
545 306
545 310
545 330
545 380
545 381
545 397
545 419
545 441
546 24
546 37
546 50
546 51
546 150
546 380
547 209
548 6
548 258
549 269
549 351
549 462
550 158
550 345
551 70
552 162
552 456
553 16
553 83
553 96
553 159
553 160
553 259
553 336
553 388
553 437
554 62
554 357
554 386
555 288
556 237
557 237
557 251
558 237
558 269
559 9
559 52
559 328
559 421
559 471
560 6
560 10
560 12
560 33
560 72
560 93
560 103
560 142
561 12
561 37
561 323
561 421
562 106
562 115
562 142
562 236
562 423
563 13
563 298
563 358
564 8
564 62
564 103
564 313
564 326
564 327
564 389
564 404
564 406
564 407
565 20
565 72
565 87
565 88
565 103
565 142
565 394
566 233
566 340
566 349
566 376
567 33
567 152
568 6
568 15
568 17
568 42
568 55
568 65
568 72
568 104
568 106
568 152
568 164
568 168
568 170
568 189
568 201
568 228
568 261
568 274
568 300
568 474
568 501
569 10
569 12
569 62
569 76
569 78
569 138
569 288
569 308
569 397
570 42
570 62
570 72
570 93
570 111
570 179
570 229
570 239
570 289
570 321
570 354
570 441
570 445
570 511
571 26
571 32
571 76
571 77
571 135
571 291
571 318
571 455
572 12
572 17
572 62
572 78
572 148
572 188
572 201
572 209
572 397
572 412
573 410
573 433
574 410
575 62
575 412
576 11
576 50
576 102
576 122
576 145
576 381
576 394
576 451
577 97
578 200
579 106
580 7
580 12
580 18
580 20
580 53
580 78
580 168
580 201
580 211
580 269
580 318
580 405
581 371
582 158
582 193
582 416
583 29
583 48
583 170
584 73
584 161
584 209
585 17
585 20
585 42
585 72
585 75
585 88
585 167
585 170
585 184
585 198
585 211
585 251
585 280
585 300
585 383
585 386
586 6
586 8
586 10
586 12
586 258
586 282
586 334
586 424
586 495
587 12
587 93
587 143
587 197
587 218
587 283
587 442
587 472
587 511
587 512
588 187
589 421
590 53
590 297
590 389
591 29
591 39
591 48
591 88
591 121
591 124
591 131
591 142
591 155
591 168
591 189
591 211
591 300
591 306
591 408
592 90
593 265
594 381
595 157
595 301
596 16
596 34
596 62
596 78
596 82
596 83
596 102
596 162
596 166
596 173
596 230
596 239
596 378
596 391
596 423
596 435
597 187
597 424
597 428
598 1
598 20
598 185
598 278
599 81
600 144
600 421
601 20
601 50
601 144
601 152
601 158
601 218
601 446
602 37
602 58
602 68
602 74
602 245
602 259
602 327
602 418
602 434
603 14
603 39
603 220
604 72
605 97
605 224
605 245
606 421
607 22
608 446
609 106
609 129
609 142
609 460
610 12
611 424
612 20
613 6
613 25
613 34
613 41
613 42
613 62
613 110
613 115
613 160
613 193
613 237
613 252
613 427
614 24
614 62
614 83
614 96
614 175
614 230
614 363
614 366
614 457
615 287
615 419
615 452
616 10
616 73
616 90
616 93
616 140
616 145
616 251
616 254
616 261
616 318
616 373
616 425
616 441
617 33
617 53
617 269
618 356
619 6
619 24
619 25
619 29
619 33
619 107
619 121
619 142
619 209
619 226
619 261
619 323
619 330
620 211
620 251
620 416
621 8
621 20
621 26
621 44
621 65
621 72
621 77
621 88
621 106
621 109
621 122
621 135
621 167
621 187
621 209
621 213
621 235
621 254
621 261
621 263
621 266
621 318
621 347
621 436
621 457
621 485
622 6
622 38
622 53
622 62
622 71
622 164
622 189
622 277
622 286
622 306
622 394
622 459
622 467
623 26
623 29
623 42
623 54
623 67
623 75
623 109
623 121
623 124
623 135
623 186
623 188
623 212
623 335
623 339
623 394
623 398
623 427
623 454
623 455
624 10
624 64
624 68
624 93
625 38
625 86
626 71
626 89
627 16
627 506
628 11
629 6
629 53
629 70
629 140
629 361
629 379
629 466
630 0
630 12
630 15
630 44
630 102
630 103
630 167
630 216
630 235
630 236
630 264
630 321
630 354
630 405
630 452
630 476
630 480
630 481
631 11
631 15
631 36
631 55
631 106
631 115
631 163
631 167
631 218
631 286
631 297
631 375
631 436
631 451
632 53
632 149
632 217
632 269
632 433
633 15
633 20
633 41
633 56
633 72
633 78
633 83
633 102
633 103
633 120
633 138
633 139
633 142
633 187
633 189
633 218
633 238
633 300
633 314
633 423
633 443
634 326
634 338
634 430
634 445
635 25
635 47
635 119
635 166
635 386
635 443
636 29
636 37
636 39
636 40
636 72
636 121
636 157
636 180
636 189
636 194
636 204
636 463
637 316
638 79
638 106
638 149
638 451
639 72
639 251
640 12
640 24
640 60
640 66
640 184
640 264
640 483
640 491
641 16
641 62
641 83
641 203
641 218
641 251
641 269
641 321
641 326
641 335
641 349
641 475
642 15
642 59
643 10
643 23
643 42
643 75
643 93
643 159
643 189
643 198
643 346
643 399
643 430
643 446
644 53
644 62
644 69
644 93
644 168
644 201
644 230
644 251
644 323
644 496
644 497
645 14
645 102
645 147
646 410
646 422
646 477
647 269
648 1
648 12
648 20
648 25
648 45
648 62
648 73
648 103
648 133
648 137
648 159
648 262
648 308
648 340
648 433
649 62
650 39
650 251
650 269
651 6
651 8
651 42
651 109
651 245
651 252
651 259
651 314
651 427
651 432
651 482
652 20
652 33
652 53
653 127
653 144
653 184
653 297
653 306
653 320
653 431
654 23
654 24
654 159
654 184
654 224
654 252
654 340
654 345
655 34
655 50
655 57
655 76
655 106
655 133
655 142
655 157
655 243
655 244
655 317
655 342
655 375
655 394
655 468
655 498
656 24
656 64
656 72
656 168
656 201
656 230
656 264
656 483
656 491
656 495
657 4
657 50
657 62
657 72
657 193
657 364
657 369
658 483
659 53
659 65
659 311
659 408
659 417
659 419
659 451
659 493
660 17
660 56
660 121
660 159
660 162
660 342
660 454
660 493
661 490
662 24
662 33
662 60
662 119
662 495
663 414
664 103
664 236
665 416
666 106
667 217
668 389
669 106
669 167
670 2
670 17
670 251
670 389
670 495
671 10
671 69
672 269
673 29
673 51
673 91
673 150
673 241
673 339
673 370
673 451
674 9
674 15
674 57
674 76
674 93
674 103
674 111
674 142
674 159
674 189
674 193
674 238
674 245
674 254
674 263
674 358
674 444
675 162
675 236
675 238
675 261
675 329
675 425
675 463
676 481
677 45
677 57
677 255
677 486
678 456
679 8
679 61
679 77
679 84
679 103
679 167
679 195
679 275
679 281
679 294
679 304
679 346
679 357
679 361
679 398
679 443
680 12
680 30
680 42
680 292
681 388
682 109
683 42
683 65
684 13
684 19
685 11
685 30
685 32
685 81
685 94
685 117
685 261
685 346
685 366
685 375
685 437
685 478
685 495
685 498
686 12
686 76
686 103
686 107
686 115
686 140
686 152
686 159
686 278
686 351
686 375
686 419
687 228
688 6
688 12
688 60
688 72
688 88
688 103
688 155
688 183
688 264
688 280
688 313
688 318
688 444
689 60
690 9
690 68
690 87
690 124
690 159
690 245
690 394
690 409
691 278
692 12
692 16
692 43
692 81
692 83
692 102
692 209
692 223
692 224
692 239
693 15
693 29
693 37
693 75
693 119
693 155
693 163
693 194
693 198
693 199
693 218
693 259
693 261
693 263
693 264
693 281
693 297
693 336
693 346
693 347
693 359
693 474
694 16
694 17
694 75
694 84
694 122
694 193
694 238
694 369
695 6
695 53
695 110
695 184
695 269
695 323
695 451
695 454
696 60
696 103
696 119
696 261
696 441
697 9
697 19
697 20
697 23
697 29
697 100
697 121
697 131
697 167
697 170
697 198
697 209
697 213
697 251
697 264
697 301
697 323
697 324
697 349
697 375
697 394
697 423
697 448
698 189
698 433
699 24
699 164
699 190
699 228
699 375
699 379
700 7
701 6
701 12
701 107
701 115
701 152
701 168
701 269
702 333
702 366
703 339
704 6
704 15
704 164
704 183
704 209
705 65
705 363
706 205
706 318
706 346
706 350
707 8
707 44
707 69
707 89
707 183
707 452
708 3
708 4
708 167
708 223
709 145
710 106
711 332
712 53
713 23
713 48
713 76
713 109
713 170
713 175
713 217
713 264
713 311
713 317
713 394
713 451
713 474
713 498
714 18
714 121
714 207
714 268
715 495
716 289
716 464
717 9
717 44
717 62
717 68
717 88
717 100
717 103
717 131
717 167
717 183
717 245
717 252
717 300
717 394
717 423
718 12
719 7
719 72
719 389
720 56
720 230
721 421
722 237
723 10
723 33
723 61
723 68
723 91
723 100
723 186
723 243
723 244
723 262
723 397
723 486
724 269
725 12
726 13
726 258
726 291
727 6
727 442
728 33
728 100
728 269
729 317
730 12
731 4
731 25
731 130
731 144
731 387
732 0
732 6
732 8
732 9
732 13
732 20
732 30
732 33
732 38
732 49
732 53
732 71
732 78
732 93
732 166
732 200
732 237
732 261
732 269
732 310
732 314
732 353
732 441
732 456
733 8
733 42
733 254
733 314
733 390
734 11
734 56
734 87
735 6
735 25
735 30
735 32
735 36
735 62
735 72
735 75
735 81
735 88
735 100
735 102
735 103
735 109
735 131
735 142
735 155
735 164
735 167
735 170
735 175
735 184
735 189
735 193
735 211
735 220
735 224
735 238
735 245
735 251
735 254
735 261
735 286
735 288
735 306
735 308
735 324
735 326
735 356
735 358
735 360
735 363
735 369
735 394
735 401
735 417
735 418
735 437
735 444
735 451
735 454
735 473
735 520
736 10
736 93
737 491
738 25
738 98
738 163
738 261
738 288
738 345
738 375
738 454
739 15
740 389
741 410
742 115
743 446
744 269
745 3
745 56
745 125
745 152
745 203
745 212
745 261
745 410
746 24
747 6
747 11
747 36
747 60
747 129
747 149
747 164
747 168
747 311
747 351
748 96
748 101
748 166
748 193
748 436
748 437
749 124
750 308
750 433
751 495
752 2
753 3
753 23
753 26
753 56
753 77
753 135
753 203
753 205
753 311
753 375
753 388
753 441
753 454
753 474
754 107
755 119
755 495
756 29
756 108
756 121
756 207
756 264
756 398
756 415
757 12
757 62
757 104
757 168
757 192
757 245
757 376
757 388
757 454
757 456
758 12
758 37
758 47
758 366
759 42
760 71
760 234
760 298
761 72
761 78
761 337
761 454
762 20
762 70
762 78
763 50
763 72
763 168
763 201
763 228
763 261
764 29
764 106
764 142
765 12
765 27
766 200
767 73
767 119
767 166
767 399
768 333
769 105
770 12
770 474
771 401
772 74
773 18
773 73
773 142
773 268
774 6
774 8
774 42
774 183
774 283
775 75
775 366
775 495
776 14
776 20
777 308
778 10
778 129
778 160
778 168
779 267
780 16
780 18
780 28
780 37
780 68
780 83
780 110
780 135
780 163
780 187
780 189
780 207
780 239
780 261
780 268
780 329
780 357
780 415
780 423
780 425
781 269
781 437
782 24
783 366
784 42
785 83
785 84
785 363
786 122
786 354
787 39
787 40
787 72
787 167
787 251
787 261
787 323
788 50
788 281
789 417
790 24
790 69
790 70
790 278
791 65
791 185
791 255
792 209
793 170
794 20
794 33
794 50
794 56
794 106
794 167
794 350
795 20
795 50
795 82
795 106
795 110
795 164
795 167
795 215
795 220
795 252
795 254
795 263
795 369
795 451
796 264
796 457
796 499
796 506
797 33
798 7
798 168
799 9
799 50
800 7
800 8
800 12
800 167
800 168
800 288
800 359
800 380
801 26
801 29
801 32
801 77
801 82
801 135
801 162
801 170
801 207
801 212
801 261
801 419
801 437
801 455
801 500
802 39
803 11
803 281
804 1
804 10
804 25
804 35
804 88
804 93
804 103
804 131
804 152
804 160
804 166
804 190
804 193
804 198
804 211
804 244
804 252
804 278
804 281
804 288
804 322
804 323
804 338
804 347
804 369
804 374
804 376
804 394
804 413
804 433
804 474
804 496
804 499
804 510
804 518
805 263
805 375
806 158
806 237
806 416
807 217
808 6
808 9
808 29
808 42
808 53
808 69
808 108
808 122
808 157
808 164
808 183
808 189
808 254
808 286
808 375
808 413
809 6
809 37
809 42
809 104
809 149
809 167
810 119
811 230
812 23
812 84
812 88
812 259
812 261
813 22
814 42
814 209
814 225
814 229
814 245
815 25
815 254
815 308
816 1
816 6
816 12
816 15
816 50
816 53
816 81
816 88
816 127
816 129
816 288
816 289
816 325
817 53
818 237
819 258
820 155
820 190
820 319
820 417
820 451
821 183
822 20
822 142
822 145
822 184
822 261
822 366
822 485
823 39
823 119
823 155
823 173
823 223
823 251
823 278
823 281
823 326
823 346
823 347
823 366
823 423
824 6
824 8
824 12
824 43
824 68
824 72
824 79
824 81
824 88
824 167
824 168
824 189
824 211
824 314
824 325
824 472
824 495
824 511
824 512
825 42
826 24
826 401
827 351
828 247
829 162
830 158
831 511
832 64
833 6
834 10
834 204
834 251
834 311
835 77
836 495
837 7
838 266
838 308
839 55
839 72
839 124
839 225
839 297
839 350
839 389
839 458
839 514
840 212
841 383
842 188
842 329
843 167
843 170
843 297
844 10
844 93
844 104
844 158
844 167
844 168
844 264
844 347
845 26
845 58
845 62
845 128
845 190
846 101
846 513
847 124
847 394
848 209
848 376
849 441
850 74
850 97
850 358
851 31
851 145
852 149
852 263
853 103
853 209
853 309
854 33
854 43
854 52
854 58
854 65
854 83
854 193
854 212
854 229
854 251
854 278
854 326
854 345
854 361
854 376
854 394
854 418
855 124
855 188
855 286
856 119
857 74
857 262
858 224
859 26
859 77
859 142
859 174
859 297
859 448
859 517
860 12
860 32
860 43
860 81
860 225
860 274
860 288
860 394
860 486
861 26
861 77
861 84
861 88
861 110
861 224
861 225
861 326
861 346
862 25
862 83
862 119
863 324
863 391
864 167
865 12
865 30
865 42
865 48
865 155
865 164
865 174
865 239
865 254
865 313
865 324
865 418
865 441
865 444
866 16
866 62
866 167
866 168
867 173
868 33
869 145
869 510
870 65
870 167
870 278
870 394
871 360
872 72
872 140
872 218
873 142
873 145
874 209
875 6
876 66
876 506
877 173
878 33
878 148
878 258
879 6
880 20
880 235
880 519
881 37
881 96
881 310
882 512
883 268
884 20
884 23
884 107
884 297
884 347
884 441
885 297
885 311
885 366
886 340
886 376
887 167
887 319
888 160
889 42
890 55
890 229
891 34
891 174
891 366
892 322
893 448
893 521
894 42
895 42
895 52
896 436
897 48
898 48
